2-MessungCRADPatient2-Rip cage-belly breathing_clean.csv;0;75
32.71
32.781
32.849
32.926
32.993
fc0.33fs14.0845a0.136663
33.066
33.139
33.215
33.286
33.362
33.433
33.514
33.585
33.654
33.723
33.799
33.874
33.946
34.016
34.088
34.166
34.236
34.306
34.377
34.451
34.524
34.598
34.676
34.746
34.819
34.891
34.967
35.041
35.113
35.188
35.256
35.326
35.399
35.472
35.545
35.617
35.69
35.762
35.84
35.905
35.986
36.054
36.127
36.207
36.274
36.351
36.419
36.492
36.573
36.638
36.71
36.793
36.856
36.93
37.002
37.083
37.153
37.226
37.292
37.366
37.448
37.513
37.589
37.653
37.733
37.804
37.878
37.956
38.025
38.094
38.167
38.244
38.311
38.387
38.459
38.53
38.607
38.677
38.757
38.825
38.895
38.973
39.049
39.12
39.194
39.267
39.335
39.412
39.491
39.552
39.622
39.699
39.77
39.843
39.918
39.987
40.066
40.132
40.214
40.285
40.354
40.424
40.498
40.57
40.647
40.72
40.794
40.868
40.936
41.01
41.082
41.152
41.235
41.309
41.374
41.447
41.521
41.592
41.662
41.739
41.813
41.881
41.956
42.027
42.102
42.173
42.251
42.323
42.392
42.467
42.54
42.612
42.689
42.763
42.831
42.905
42.975
43.054
PRS:37.956;39.77;41.521;0.863863
43.122;7
43.196;8
43.265;8
43.347;8
43.418;8
43.484;8
43.559;9
43.63;9
43.705;9
43.779;9
43.852;9
Mn
43.922;10
43.997;10
44.066;10
44.141;10
44.215;10
44.291;1
44.362;1
44.43;1
44.507;1
44.581;2
44.65;2
44.723;2
44.803;2
44.871;2
44.943;3
45.017;3
45.092;3
45.159;3
45.238;3
FP
45.306;0
45.386;0
45.452;0
45.52;0
45.602;0
45.677;0
vMx
45.739;3
45.824;3
45.889;3
45.962;3
46.034;4
46.108;4
46.186;4
46.251;4
46.33;4
46.397;5
46.473;5
46.545;5
46.619;5
46.692;5
46.763;5
46.842;6
46.913;6
46.984;6
47.055;6
47.13;6
47.198;7
47.272;7
47.348;7
47.423;7
47.493;7
47.561;7
47.642;8
47.711;8
47.783;8
47.859;8
47.934;8
Mn
48.01;9
48.074;9
48.147;9
48.22;9
48.294;9
48.366;9
48.443;10
48.514;10
48.588;10
48.658;10
48.734;10
48.815;10
48.885;1
48.957;1
49.021;1
49.091;1
49.168;1
49.24;2
49.315;2
49.387;2
49.454;2
49.535;2
49.605;2
49.674;3
49.748;3
49.825;3
vMx
49.904;3
49.974;3
50.05;3
50.113;3
50.185;4
FA
50.262;0
50.332;0
50.406;0
50.48;0
50.55;0
50.624;0
50.695;0
50.772;0
50.844;0
50.919;0
50.989;0
51.061;0
51.136;0
51.207;0
51.279;0
51.35;0
51.429;0
51.503;0
51.573;0
51.643;0
51.714;0
51.793;0
51.866;0
51.936;0
52.009;0
52.082;0
52.153;0
52.227;0
52.302;0
52.376;0
52.447;0
52.522;0
52.6;0
52.669;0
52.741;0
52.812;0
Mn
52.885;0
52.959;0
53.031;0
53.104;0
53.175;0
53.246;0
53.321;0
53.394;0
53.466;0
53.539;0
53.613;0
53.682;0
53.761;0
53.831;0
53.903;0
53.978;0
54.053;0
54.122;0
54.194;0
54.267;0
54.343;0
54.417;0
54.493;0
54.565;0
54.633;0
vMx
54.702;3
54.775;3
54.855;3
54.923;3
54.996;3
55.071;3
55.142;3
55.214;4
55.285;4
55.368;4
55.439;4
55.512;4
55.582;4
55.651;5
55.723;5
55.799;5
55.87;5
55.942;5
56.02;5
56.09;5
56.16;6
56.239;6
56.305;6
56.378;6
56.454;6
56.522;6
56.598;7
56.673;7
56.742;7
56.815;7
56.892;7
56.965;7
Mn
57.034;7
57.117;8
57.187;8
57.253;8
FA
57.324;0
57.401;0
57.473;0
57.546;0
57.616;0
57.694;0
57.763;0
57.836;0
57.911;0
57.981;0
58.057;0
58.129;0
58.2;0
58.273;0
58.348;0
58.42;0
58.493;0
58.566;0
58.64;0
58.712;0
58.784;0
vMx
58.856;3
58.931;3
59.002;3
59.074;3
59.149;4
59.225;4
59.295;4
59.368;4
59.44;4
59.514;5
59.583;5
59.656;5
59.731;5
59.801;5
59.875;5
59.955;6
60.025;6
60.095;6
60.167;6
60.244;6
60.319;6
60.387;7
60.461;7
60.533;7
60.609;7
60.68;7
60.75;7
60.825;8
60.896;8
60.97;8
61.037;8
61.112;8
61.187;9
61.26;9
61.333;9
61.407;9
FA
61.476;0
61.556;0
61.626;0
Mn
61.695;0
61.775;0
61.844;0
61.92;0
61.993;0
62.068;0
62.133;0
62.219;0
62.289;0
62.35;0
62.429;0
62.503;0
62.571;0
62.646;0
62.718;0
62.79;0
62.866;0
62.936;0
63.011;0
63.08;0
63.159;0
63.228;0
63.298;0
63.375;0
63.444;0
63.516;0
vMx
FA
63.59;0
63.665;0
63.737;0
63.811;0
63.883;0
63.953;0
64.03;0
64.101;0
64.174;0
64.248;0
64.324;0
64.399;0
64.467;0
64.544;0
64.608;0
64.684;0
64.76;0
64.836;0
64.902;0
64.982;0
65.051;0
65.127;0
65.2;0
65.266;0
65.339;0
65.421;0
65.488;0
65.563;0
65.636;0
65.705;0
65.78;0
65.855;0
65.928;0
Mn
65.998;0
66.07;0
66.143;0
66.218;0
66.289;0
66.362;0
66.435;0
66.512;0
66.583;0
66.655;0
66.726;0
66.797;0
66.872;0
66.942;0
67.015;0
67.092;0
67.162;0
67.24;0
67.314;0
67.385;0
67.455;0
67.529;0
67.602;0
67.673;0
67.746;0
67.817;0
67.89;0
67.964;0
68.034;0
vMx
68.111;3
68.184;3
68.255;3
68.333;3
68.401;3
68.472;4
68.548;4
68.621;4
68.694;4
68.766;4
68.838;4
68.914;5
68.984;5
69.064;5
69.132;5
69.2;5
69.276;5
69.346;5
69.427;6
69.495;6
69.572;6
69.641;6
69.718;6
69.788;6
69.86;7
69.931;7
70.002;7
70.074;7
70.147;7
70.216;7
70.298;8
70.367;8
Mn
70.446;8
70.512;8
70.585;8
70.665;8
70.73;9
70.804;9
70.881;9
70.95;9
71.021;9
71.09;9
71.166;9
71.242;10
71.318;10
71.386;10
71.459;10
71.528;10
71.602;10
71.678;1
71.746;1
71.821;1
71.897;1
71.97;1
72.045;1
72.115;2
72.186;2
72.261;2
72.333;2
72.407;2
72.479;2
72.552;3
vMx
72.622;3
72.697;3
72.775;3
72.852;3
72.913;3
72.996;4
73.066;4
73.132;4
73.208;4
73.282;4
73.354;4
73.423;5
73.498;5
73.571;5
73.648;5
73.715;5
73.793;5
73.865;5
73.93;6
74.016;6
74.081;6
74.156;6
74.233;6
74.303;6
74.373;7
74.451;7
74.519;7
74.589;7
74.67;7
74.738;7
74.812;8
74.887;8
74.955;8
Mn
75.026;8
75.102;8
75.177;8
75.251;9
75.319;9
75.394;9
75.465;9
75.536;9
75.611;9
75.689;10
75.759;10
75.835;10
75.905;10
75.975;10
76.053;10
76.124;10
76.191;1
76.266;1
76.339;1
76.414;1
76.489;1
76.559;1
76.632;2
76.709;2
76.782;2
76.851;2
76.923;2
vMx
76.998;3
77.067;3
77.144;3
77.213;3
77.288;3
77.361;4
77.431;4
77.505;4
77.578;4
77.652;4
77.731;4
77.802;5
77.87;5
77.944;5
78.018;5
78.093;5
78.165;5
78.234;6
78.303;6
78.387;6
78.458;6
78.532;6
78.6;6
78.675;7
78.746;7
78.813;7
78.888;7
78.963;7
79.037;7
79.113;8
79.184;8
79.255;8
79.33;8
Mn
79.407;8
79.478;8
79.546;9
79.615;9
79.69;9
79.76;9
79.835;9
79.906;9
79.987;10
80.053;10
80.127;10
80.198;10
80.273;10
80.346;10
80.418;1
80.494;1
80.568;1
80.643;1
80.715;1
80.792;1
80.859;2
80.928;2
81.002;2
81.074;2
81.144;2
81.218;2
81.296;3
81.366;3
81.437;3
81.511;3
vMx
81.583;3
81.66;3
81.731;3
81.804;3
81.873;3
81.948;3
82.021;4
82.092;4
82.167;4
82.242;4
82.311;4
82.386;4
82.458;5
82.529;5
82.603;5
82.678;5
82.75;5
82.826;5
82.9;6
82.968;6
83.039;6
83.118;6
83.194;6
83.261;6
83.333;7
83.412;7
83.48;7
83.549;7
83.629;7
83.703;7
83.775;7
83.846;8
Mn
83.914;8
83.991;8
84.062;8
84.135;8
84.209;8
84.288;9
84.356;9
84.423;9
84.498;9
84.573;9
84.644;9
84.712;10
84.788;10
84.861;10
84.937;10
85.01;10
85.081;10
85.156;10
85.231;1
85.305;1
85.377;1
85.451;1
85.527;1
85.591;1
85.663;2
85.737;2
vMx
85.809;3
85.881;3
85.957;3
86.032;3
86.108;4
86.172;4
86.248;4
86.318;4
86.392;4
86.469;4
86.542;5
86.61;5
86.687;5
86.757;5
86.829;5
86.91;5
86.979;6
87.048;6
87.125;6
87.196;6
87.263;6
87.348;7
87.421;7
87.484;7
87.558;7
87.633;7
87.712;7
87.777;8
87.854;8
87.921;8
88;8
88.072;8
Mn
88.14;8
88.219;9
88.293;9
88.357;9
88.432;9
88.511;9
88.582;9
88.651;10
88.73;10
88.804;10
88.873;10
88.941;10
89.016;10
89.086;1
89.16;1
89.233;1
89.31;1
89.387;1
89.457;2
89.528;2
89.606;2
89.669;2
89.747;2
89.815;2
89.888;3
89.965;3
90.034;3
90.109;3
90.178;3
90.255;3
vMx
90.324;3
90.403;3
90.476;3
90.548;3
90.62;3
90.689;4
90.759;4
90.838;4
90.913;4
90.983;4
91.056;4
91.126;5
91.2;5
91.268;5
91.348;5
91.42;5
91.49;5
91.565;5
91.635;6
91.713;6
91.785;6
91.856;6
91.931;6
92.002;6
92.079;7
92.146;7
92.221;7
92.291;7
92.365;7
92.439;7
92.513;8
92.585;8
92.66;8
FA
92.733;0
92.803;0
92.876;0
92.957;0
93.023;0
93.1;0
93.17;0
Mn
93.238;0
93.314;0
93.386;0
93.465;0
93.536;0
93.609;0
93.677;0
93.754;0
93.823;0
93.895;0
93.968;0
94.044;0
94.118;0
94.191;0
94.262;0
94.335;0
94.41;0
94.478;0
94.55;0
94.622;0
94.7;0
94.777;0
94.844;0
94.915;0
94.989;0
95.065;0
95.133;0
95.208;0
95.285;0
vMx
95.352;3
95.425;3
95.501;3
95.569;3
95.647;3
95.718;3
95.791;3
95.864;4
95.935;4
96.008;4
96.081;4
96.154;4
96.234;4
96.304;4
96.374;5
96.443;5
96.515;5
96.59;5
96.665;5
FA
96.738;0
96.81;0
96.883;0
96.957;0
97.027;0
97.099;0
97.174;0
97.247;0
97.319;0
97.39;0
97.466;0
97.535;0
97.612;0
97.684;0
97.755;0
97.829;0
97.9;0
97.975;0
98.047;0
98.123;0
98.193;0
98.264;0
98.337;0
Mn
98.415;0
98.482;0
98.558;0
98.632;0
98.704;0
98.777;0
98.851;0
98.923;0
98.995;0
99.072;0
99.143;0
99.218;0
99.286;0
99.362;0
99.435;0
99.506;0
99.577;0
99.655;0
99.723;0
99.797;0
99.876;0
99.941;0
100.016;0
100.087;0
100.158;0
100.229;0
100.311;0
100.381;0
100.45;0
100.529;0
100.608;0
vMx
100.674;2
100.748;3
100.816;3
100.89;3
100.963;3
101.033;3
101.107;3
101.182;3
101.255;3
101.326;4
101.399;4
101.476;4
101.544;4
101.616;4
101.694;4
101.774;4
101.837;5
101.913;5
101.985;5
102.06;5
102.127;5
102.2;5
102.276;5
102.346;6
102.416;6
102.489;6
102.564;6
102.637;6
102.712;6
102.787;6
102.856;6
102.928;7
103.006;7
103.076;7
103.147;7
103.219;7
103.299;7
Mn
103.371;7
103.44;8
103.509;8
103.588;8
103.668;8
103.735;8
103.807;8
103.873;8
103.945;9
104.021;9
104.098;9
104.165;9
104.241;9
104.313;9
104.386;9
104.456;10
104.531;10
104.604;10
104.684;10
104.751;10
104.824;10
104.897;10
104.966;10
105.044;1
105.12;1
105.186;1
105.26;1
105.333;1
105.402;1
105.482;1
105.553;2
105.624;2
vMx
105.701;3
105.772;3
105.843;3
105.912;3
105.99;3
106.059;3
106.13;3
106.207;4
106.286;4
106.349;4
106.425;4
106.504;4
106.575;4
106.649;4
106.719;5
106.79;5
106.861;5
106.939;5
107.011;5
107.083;5
107.157;5
107.229;6
107.303;6
107.384;6
107.45;6
107.522;6
107.599;6
107.667;6
107.738;7
107.813;7
107.879;7
107.953;7
Mn
108.027;7
108.102;7
108.173;7
108.249;8
108.323;8
108.396;8
108.467;8
108.544;8
108.616;8
108.686;8
108.753;9
108.828;9
108.899;9
108.973;9
109.046;9
109.12;9
109.193;9
109.267;10
109.337;10
109.42;10
109.491;10
109.56;10
109.631;10
109.703;10
109.778;1
109.85;1
109.92;1
109.998;1
110.073;1
110.145;1
110.216;2
110.294;2
110.365;2
110.433;2
vMx
110.504;3
110.579;3
110.656;3
110.723;3
110.797;3
110.87;3
110.941;3
111.013;4
111.086;4
111.161;4
111.235;4
111.303;4
111.383;4
111.45;5
111.53;5
111.602;5
111.671;5
111.746;5
111.818;5
111.889;5
111.968;6
112.038;6
112.108;6
112.182;6
112.25;6
112.325;6
112.397;7
112.469;7
112.545;7
112.617;7
112.691;7
112.763;7
112.834;7
Mn
112.907;8
112.983;8
113.048;8
113.13;8
113.199;8
113.274;8
113.347;8
113.418;9
113.493;9
113.565;9
113.641;9
113.714;9
113.781;9
113.858;10
113.929;10
114.007;10
114.076;10
114.149;10
114.219;10
114.292;10
FA
114.366;0
114.438;0
114.511;0
114.587;0
114.66;0
114.731;0
114.802;0
114.88;0
114.95;0
115.021;0
115.095;0
115.167;0
115.238;0
115.312;0
115.387;0
115.461;0
115.529;0
115.602;0
115.675;0
115.747;0
vMx
115.822;2
115.897;3
115.97;3
116.041;3
116.116;3
116.193;3
116.262;3
116.34;3
116.407;4
FA
116.479;0
116.554;0
116.621;0
116.697;0
116.772;0
116.844;0
116.915;0
116.99;0
Mn
117.063;0
117.137;0
117.207;0
Mx
117.28;0
117.353;0
117.425;0
117.504;0
117.569;0
117.649;0
117.715;0
117.793;0
117.868;0
Mn
117.941;0
118.009;0
118.081;0
118.153;0
118.229;0
Mx
118.303;0
118.369;0
Mn
118.449;0
Mx
118.525;0
118.589;0
118.662;0
118.736;0
118.809;0
118.883;0
Mn
118.955;0
119.032;0
119.101;0
119.175;0
119.246;0
119.319;0
119.392;0
119.462;0
119.539;0
119.609;0
Mx
119.684;0
119.758;0
119.828;0
119.901;0
Mn
119.975;0
Mx
120.046;0
120.119;0
Mn
120.2;0
120.268;0
120.342;0
120.409;0
120.485;0
120.563;0
120.636;0
120.712;0
120.776;0
Mx
120.849;0
120.92;0
120.999;0
121.069;0
121.139;0
121.209;0
Mn
121.287;0
121.365;0
121.441;0
121.51;0
121.582;0
121.66;0
121.723;0
121.796;0
121.869;0
Mx
121.945;0
122.02;0
122.09;0
122.168;0
122.233;0
Mn
122.306;0
122.378;0
122.448;0
122.52;0
122.598;0
122.671;0
122.743;0
122.815;0
122.898;0
122.968;0
Mx
123.039;0
123.11;0
123.182;0
123.255;0
123.332;0
123.404;0
Mn
123.476;0
123.544;0
123.616;0
123.689;0
123.763;0
123.836;0
123.91;0
123.981;0
124.056;0
124.129;0
124.202;0
124.279;0
Mx
124.351;0
124.427;0
124.503;0
124.57;0
124.636;0
124.713;0
124.784;0
124.857;0
124.934;0
Mn
125.002;0
125.077;0
Mx
125.152;0
125.222;0
125.293;0
125.364;0
125.439;0
125.51;0
125.585;0
125.655;0
125.731;0
125.803;0
125.878;0
125.951;0
126.025;0
126.099;0
126.168;0
126.244;0
126.319;0
126.389;0
126.465;0
126.535;0
126.607;0
126.676;0
126.749;0
126.824;0
126.896;0
126.967;0
127.04;0
127.122;0
127.187;0
127.258;0
127.339;0
127.412;0
127.476;0
127.557;0
127.628;0
127.702;0
127.775;0
127.844;0
127.915;0
127.99;0
128.062;0
128.132;0
128.209;0
128.282;0
128.353;0
128.431;0
128.502;0
128.571;0
128.65;0
128.726;0
128.792;0
128.868;0
128.935;0
129.006;0
129.083;0
129.154;0
129.233;0
129.305;0
129.374;0
129.445;0
129.518;0
129.593;0
129.662;0
129.742;0
129.811;0
129.882;0
129.955;0
130.03;0
130.102;0
130.176;0
130.247;0
130.323;0
Mn
130.393;0
130.466;0
130.538;0
130.613;0
130.683;0
130.755;0
130.83;0
130.906;0
130.975;0
131.049;0
131.122;0
131.196;0
131.275;0
vMx
FT
131.349;0
131.411;0
131.486;0
131.562;0
131.632;0
131.704;0
131.775;0
131.847;0
131.92;0
131.993;0
132.071;0
132.148;0
132.218;0
132.287;0
132.365;0
132.435;0
132.506;0
132.579;0
132.656;0
132.725;0
132.802;0
132.872;0
132.946;0
133.018;0
133.087;0
133.159;0
133.23;0
133.304;0
133.384;0
133.456;0
Mn
133.525;0
133.599;0
Mx
133.672;0
Mn
133.742;0
133.822;0
133.889;0
133.966;0
134.036;0
134.109;0
134.184;0
134.255;0
134.331;0
134.402;0
134.471;0
134.543;0
134.618;0
134.691;0
134.773;0
134.843;0
134.904;0
134.986;0
135.053;0
135.128;0
135.202;0
135.278;0
135.356;0
135.421;0
vMx
FT
135.497;0
135.565;0
135.638;0
135.71;0
135.787;0
135.858;0
135.93;0
136.004;0
136.079;0
136.148;0
136.22;0
136.293;0
136.367;0
136.443;0
136.514;0
136.585;0
136.664;0
136.731;0
136.806;0
136.874;0
136.947;0
137.022;0
137.093;0
137.169;0
137.24;0
137.318;0
137.387;0
137.459;0
137.534;0
137.602;0
137.678;0
137.753;0
137.82;0
137.894;0
137.973;0
Mn
138.041;0
Mx
138.111;0
138.188;0
Mn
138.262;0
138.334;0
138.411;0
138.484;0
138.554;0
138.626;0
138.7;0
138.771;0
138.842;0
138.914;0
138.988;0
139.058;0
139.132;0
139.21;0
139.278;0
139.359;0
139.426;0
139.506;0
139.572;0
139.647;0
139.721;0
139.787;0
139.863;0
vMx
139.93;3
140.011;3
140.082;3
140.153;3
140.232;3
140.3;4
140.371;4
140.447;4
140.516;4
140.592;4
140.664;4
140.737;5
140.809;5
140.883;5
140.956;5
141.027;5
141.101;5
141.175;6
141.251;6
141.322;6
141.39;6
141.463;6
141.535;6
141.61;7
141.686;7
141.755;7
141.834;7
141.906;7
141.978;7
Mn
142.049;8
142.123;8
142.194;8
142.267;8
142.337;8
142.412;8
142.488;9
142.561;9
142.637;9
142.709;9
142.778;9
142.851;9
142.926;10
FA
143.003;0
143.069;0
143.143;0
143.213;0
143.286;0
143.354;0
143.433;0
143.51;0
143.579;0
143.65;0
143.721;0
143.796;0
143.873;0
143.943;0
144.016;0
144.09;0
144.162;0
144.234;0
vMx
144.313;3
144.381;3
FA
144.455;0
144.527;0
144.602;0
144.669;0
144.744;0
144.816;0
144.891;0
144.962;0
145.031;0
145.104;0
145.184;0
145.254;0
145.325;0
145.398;0
145.474;0
145.545;0
145.615;0
145.69;0
145.761;0
145.845;0
145.91;0
145.982;0
146.052;0
146.126;0
146.198;0
146.274;0
146.35;0
146.42;0
Mn
146.491;0
146.563;0
146.637;0
146.706;0
146.785;0
146.857;0
146.928;0
147.007;0
147.074;0
147.151;0
147.221;0
147.296;0
147.37;0
147.439;0
147.513;0
147.586;0
147.662;0
147.73;0
147.806;0
147.873;0
147.95;0
148.025;0
148.099;0
148.169;0
148.239;0
148.311;0
148.383;0
148.46;0
148.528;0
vMx
148.604;3
148.676;3
148.753;3
148.822;3
148.889;4
148.967;4
149.041;4
149.114;4
149.185;4
149.259;4
149.334;5
149.41;5
149.479;5
149.554;5
149.622;5
149.697;5
149.768;6
149.845;6
149.918;6
149.986;6
150.059;6
150.134;6
150.207;7
150.28;7
150.352;7
150.422;7
150.501;7
Mn
150.569;7
150.641;8
150.714;8
150.791;8
150.859;8
150.934;8
151.007;8
151.081;9
151.159;9
151.227;9
151.298;9
151.371;9
151.448;9
151.517;10
151.59;10
151.661;10
151.739;10
151.808;10
151.882;10
151.955;1
152.029;1
152.1;1
152.174;1
152.244;1
152.32;1
152.395;2
152.47;2
152.54;2
vMx
152.61;3
152.685;3
152.756;3
152.828;4
152.903;4
152.974;4
153.046;4
153.118;4
153.191;4
153.265;5
153.339;5
153.412;5
153.49;5
153.56;5
153.63;6
153.706;6
153.775;6
153.851;6
153.922;6
153.994;6
154.063;7
154.137;7
154.216;7
154.285;7
154.36;7
154.436;8
Mn
154.503;8
154.577;8
154.649;8
154.722;8
154.795;8
154.868;9
154.941;9
155.015;9
155.094;9
155.161;9
155.234;10
155.306;10
155.381;10
155.456;10
155.523;10
155.597;10
155.673;1
155.741;1
155.816;1
155.891;1
155.963;1
156.035;2
156.108;2
156.179;2
156.252;2
156.331;2
156.404;2
156.471;3
vMx
156.543;3
156.626;3
156.693;3
156.763;4
156.835;4
156.909;4
156.98;4
157.053;4
FA
157.126;0
157.199;0
157.272;0
157.346;0
157.416;0
157.49;0
157.562;0
157.638;0
157.707;0
157.781;0
157.864;0
157.933;0
158.005;0
158.073;0
158.147;0
158.221;0
158.296;0
158.37;0
158.443;0
158.511;0
158.588;0
158.66;0
158.728;0
158.799;0
158.874;0
158.948;0
Mn
159.02;0
159.092;0
159.171;0
159.244;0
159.314;0
159.388;0
159.456;0
159.531;0
159.608;0
159.677;0
159.75;0
159.822;0
159.891;0
159.967;0
160.044;0
160.12;0
160.189;0
160.26;0
160.329;0
160.405;0
160.483;0
160.557;0
160.622;0
vMx
160.7;3
160.772;3
160.847;3
160.913;3
160.996;4
161.061;4
161.136;4
161.209;4
161.285;4
161.351;4
161.429;5
161.497;5
161.571;5
161.648;5
161.719;5
161.789;6
161.865;6
161.938;6
162.006;6
162.082;6
162.154;6
162.227;7
162.299;7
162.373;7
162.443;7
162.516;7
162.59;7
Mn
162.665;8
162.738;8
162.809;8
162.886;8
162.956;8
163.028;9
163.094;9
163.17;9
163.246;9
163.317;9
163.393;9
163.465;10
163.537;10
163.609;10
163.685;10
163.757;10
163.829;10
163.907;1
163.978;1
164.051;1
164.12;1
164.194;1
164.264;2
164.337;2
164.41;2
164.484;2
vMx
FA
164.558;0
164.628;0
164.701;0
164.776;0
164.85;0
164.917;0
164.991;0
165.066;0
165.144;0
165.218;0
165.284;0
165.357;0
165.43;0
165.509;0
165.576;0
165.647;0
165.721;0
165.792;0
165.869;0
165.942;0
166.013;0
166.085;0
166.159;0
166.233;0
166.306;0
166.384;0
166.455;0
166.525;0
166.597;0
166.672;0
166.743;0
166.816;0
166.886;0
Mn
166.958;0
167.034;0
167.111;0
167.177;0
167.257;0
167.325;0
167.397;0
167.47;0
167.545;0
167.618;0
167.688;0
167.766;0
167.844;0
167.911;0
167.987;0
168.055;0
168.127;0
168.199;0
168.274;0
168.347;0
168.434;0
168.497;0
168.564;0
168.64;0
vMx
168.711;3
168.782;3
168.855;3
168.929;3
169.002;4
169.077;4
169.147;4
169.22;4
169.294;4
169.366;5
169.444;5
169.516;5
169.587;5
169.658;5
169.73;5
169.802;6
169.878;6
169.949;6
170.023;6
170.096;6
FA
170.167;0
170.239;0
170.311;0
170.387;0
170.457;0
170.531;0
170.605;0
170.677;0
170.752;0
170.826;0
170.894;0
170.968;0
Mn
171.044;0
171.116;0
171.186;0
171.26;0
171.33;0
171.406;0
171.475;0
171.552;0
171.624;0
171.695;0
171.769;0
171.849;0
171.915;0
171.99;0
172.061;0
172.134;0
172.205;0
172.283;0
172.353;0
172.423;0
172.496;0
172.574;0
172.643;0
172.716;0
172.788;0
vMx
172.864;3
172.932;3
173.011;3
173.078;3
173.156;4
173.223;4
173.299;4
173.372;4
173.443;4
173.514;5
173.588;5
173.662;5
173.735;5
173.81;5
173.881;5
173.955;6
174.026;6
174.101;6
174.176;6
174.245;6
174.323;6
174.392;7
174.464;7
174.538;7
174.608;7
174.678;7
174.755;7
174.827;8
174.901;8
174.975;8
175.051;8
175.123;8
175.196;9
175.267;9
175.34;9
175.409;9
FA
175.483;0
Mn
175.558;0
175.639;0
175.704;0
175.776;0
175.852;0
175.923;0
175.993;0
176.067;0
176.139;0
176.212;0
176.297;0
176.359;0
176.43;0
176.504;0
176.58;0
176.65;0
176.727;0
176.799;0
176.868;0
176.94;0
177.017;0
177.086;0
177.159;0
177.234;0
177.303;0
vMx
177.38;3
177.449;3
177.524;3
177.598;3
177.667;3
177.742;4
177.815;4
177.889;4
177.96;4
178.033;4
178.106;4
178.181;5
178.252;5
178.325;5
178.397;5
178.469;5
178.543;5
178.619;5
178.69;6
178.761;6
178.835;6
178.909;6
178.983;6
179.056;6
179.126;7
179.197;7
179.27;7
179.344;7
179.418;7
179.49;7
179.566;8
179.637;8
Mn
179.709;8
179.781;8
179.853;8
179.927;8
180.007;9
180.074;9
180.145;9
180.215;9
180.29;9
180.367;9
180.437;10
180.513;10
180.582;10
180.662;10
180.73;10
180.802;10
FA
180.874;0
180.947;0
181.017;0
181.096;0
181.166;0
181.237;0
181.311;0
181.382;0
181.463;0
vMx
181.531;3
181.603;3
181.675;3
181.748;3
181.822;4
181.897;4
181.974;4
182.041;4
182.112;4
182.18;5
182.258;5
182.329;5
182.406;5
182.48;5
182.547;5
182.623;6
182.699;6
182.768;6
182.84;6
182.916;6
182.987;6
183.061;7
183.134;7
183.21;7
183.279;7
183.352;7
183.426;8
183.507;8
183.574;8
183.644;8
183.723;8
183.788;8
183.863;9
Mn
183.938;9
184.013;9
184.082;9
184.155;9
184.23;9
184.303;10
184.378;10
184.449;10
184.519;10
184.587;10
184.667;1
184.735;1
184.804;1
184.882;1
184.96;1
185.024;1
185.098;2
185.177;2
185.251;2
185.323;2
185.397;2
185.462;2
185.537;3
185.609;3
vMx
185.685;3
FA
185.757;0
185.827;0
185.899;0
185.972;0
186.047;0
186.119;0
186.192;0
186.266;0
186.341;0
186.411;0
186.485;0
186.557;0
186.63;0
186.704;0
186.783;0
186.849;0
186.92;0
186.997;0
187.066;0
187.139;0
187.208;0
187.288;0
187.362;0
187.435;0
187.503;0
187.579;0
187.65;0
187.723;0
Mn
187.795;0
187.874;0
187.939;0
188.01;0
188.085;0
188.158;0
188.234;0
188.311;0
188.38;0
188.451;0
188.527;0
188.597;0
188.666;0
188.742;0
188.818;0
188.887;0
188.961;0
189.036;0
189.112;0
189.182;0
189.255;0
189.325;0
189.394;0
189.468;0
189.538;0
189.616;0
189.687;0
vMx
189.762;3
189.837;3
189.914;3
189.984;4
190.058;4
190.13;4
190.203;4
190.279;4
190.349;4
190.419;5
190.498;5
190.569;5
190.634;5
190.712;5
190.781;5
190.855;6
190.932;6
190.999;6
191.072;6
191.145;6
191.22;7
191.29;7
191.361;7
191.439;7
191.509;7
Mn
191.588;7
191.657;8
191.733;8
191.798;8
191.874;8
FA
191.955;0
192.027;0
192.095;0
192.165;0
192.237;0
192.312;0
192.381;0
192.457;0
192.53;0
192.6;0
192.677;0
192.749;0
192.821;0
192.891;0
192.968;0
193.044;0
193.117;0
193.185;0
193.261;0
193.332;0
193.403;0
tMax1.5308e+06ns;tMean170568ns;tStd50519.2ns