2021_11_30_Andi_RespSignal_20211130_171611_clean.csv;0;75
101.491
101.56
101.634
101.707
101.785
fc0.33fs14.4928a0.133094
101.858
101.928
102.002
102.074
102.148
102.221
102.292
102.364
102.438
102.511
102.585
102.656
102.727
102.799
102.875
102.946
103.023
103.096
103.165
103.237
103.315
103.385
103.461
103.533
103.603
103.676
103.753
103.823
103.896
103.97
104.04
104.113
104.186
104.26
104.332
104.402
104.477
104.553
104.626
104.699
104.769
104.842
104.914
104.99
105.06
105.132
105.212
105.282
105.351
105.422
105.495
105.569
105.645
105.718
105.79
105.866
105.937
106.007
106.082
106.154
106.231
106.309
106.383
106.448
106.522
106.591
106.66
106.738
106.809
106.882
106.955
107.03
107.101
107.172
107.247
107.318
107.387
107.463
107.541
107.61
107.684
107.755
107.828
107.901
107.979
108.047
108.126
108.195
108.266
108.338
108.412
108.484
108.559
108.628
108.698
108.773
108.847
108.922
108.996
109.065
109.14
109.22
109.29
109.367
109.436
109.507
109.572
109.656
109.726
109.796
109.869
109.94
110.016
110.09
110.159
110.23
110.306
110.38
110.452
110.526
110.599
110.672
110.745
110.815
110.887
110.959
111.034
111.102
111.179
111.251
111.323
111.397
111.468
111.546
111.621
111.691
111.767
111.836
111.909
111.98
112.052
112.125
112.196
112.275
112.345
112.422
112.488
112.567
112.639
112.711
112.781
112.854
112.924
112.997
113.074
113.146
113.221
113.289
113.372
113.444
113.512
113.587
113.655
113.729
113.803
113.874
113.945
114.02
114.091
114.169
114.241
114.311
114.386
114.459
114.531
114.604
114.676
114.748
114.824
114.894
114.966
115.041
115.111
115.185
115.262
115.334
115.402
115.475
115.551
115.622
115.698
115.768
115.84
115.921
115.991
116.061
116.133
116.206
116.279
116.352
116.427
116.498
116.573
116.647
116.716
116.791
116.86
116.932
117.015
117.082
117.154
117.227
117.295
117.374
117.448
117.517
117.59
117.665
117.741
117.808
117.876
117.963
118.031
118.102
118.17
118.246
118.326
118.397
118.466
118.535
118.611
118.682
118.754
118.826
118.901
118.972
119.049
119.119
119.193
119.266
119.34
119.409
119.483
119.555
119.63
119.702
119.781
119.851
119.921
119.992
120.07
120.139
120.21
120.284
120.36
120.43
120.505
120.576
120.649
120.72
120.797
120.868
120.939
121.013
121.085
121.161
121.234
121.301
PRS:112.781;115.768;118.901;0.217972
121.38;5
121.455;5
121.524;5
121.598;5
121.67;5
121.741;5
121.816;6
121.891;6
121.96;6
122.031;6
Mn
122.105;6
Mx
122.179;6
122.256;6
122.322;6
122.397;7
122.47;7
122.543;7
122.616;7
122.69;7
Mn
122.763;7
Mx
122.831;7
122.907;7
122.983;8
123.051;8
123.126;8
FA
123.2;0
123.271;0
123.343;0
Mn
123.416;0
Mx
123.492;0
123.562;0
123.637;0
Mn
123.709;0
Mx
123.783;0
Mn
123.856;0
123.926;0
Mx
123.999;0
Mn
124.072;0
Mx
124.143;0
124.217;0
124.29;0
124.363;0
Mn
124.438;0
124.512;0
124.584;0
124.652;0
124.729;0
124.8;0
124.876;0
124.951;0
125.021;0
125.1;0
125.173;0
125.237;0
125.309;0
125.389;0
125.457;0
125.529;0
125.607;0
125.674;0
125.748;0
125.825;0
125.893;0
125.972;0
126.041;0
126.112;0
126.186;0
126.258;0
126.329;0
126.405;0
126.474;0
126.555;0
126.62;0
126.691;0
126.767;0
126.846;0
126.92;0
126.988;0
127.063;0
127.142;0
vMx
FT
127.208;0
127.279;0
127.354;0
127.421;0
127.499;0
127.576;0
127.643;0
127.713;0
127.79;0
127.862;0
127.932;0
128.012;0
128.08;0
128.153;0
128.228;0
128.301;0
128.369;0
128.445;0
128.521;0
128.594;0
128.658;0
128.734;0
128.807;0
128.886;0
128.954;0
129.028;0
129.101;0
129.171;0
129.245;0
129.318;0
129.392;0
129.467;0
129.535;0
129.609;0
129.682;0
129.755;0
129.827;0
129.901;0
129.977;0
130.046;0
130.122;0
130.195;0
130.264;0
130.339;0
130.411;0
130.487;0
130.554;0
130.631;0
130.702;0
130.774;0
130.855;0
130.922;0
130.995;0
131.071;0
131.139;0
Mn
131.208;0
Mx
131.288;0
131.357;0
131.43;0
131.504;0
131.577;0
131.648;0
131.723;0
131.795;0
131.867;0
131.943;0
Mn
132.013;0
132.086;0
132.164;0
132.236;0
132.303;0
132.378;0
132.448;0
132.527;0
132.599;0
132.668;0
132.742;0
132.821;0
132.886;0
132.958;0
133.033;0
133.111;0
133.181;0
133.259;0
133.326;0
133.395;0
133.475;0
133.543;0
133.616;0
133.689;0
133.762;0
133.831;0
133.905;0
133.979;0
134.052;0
134.131;0
134.198;0
134.277;0
134.349;0
134.419;0
134.489;0
134.564;0
134.635;0
134.714;0
134.782;0
134.855;0
vMx
134.922;1
134.994;1
135.072;1
135.145;1
135.218;1
135.296;1
135.368;2
135.436;2
135.51;2
135.587;2
135.662;2
135.728;2
135.802;2
135.877;2
135.946;2
136.02;2
136.092;2
136.166;3
136.245;3
136.316;3
136.386;3
136.456;3
136.53;3
136.607;3
136.681;3
136.748;3
136.823;3
136.902;4
136.974;4
137.039;4
137.115;4
137.193;4
137.258;4
137.335;4
137.404;4
137.477;4
137.549;4
137.627;4
137.694;5
137.769;5
137.845;5
137.914;5
137.987;5
138.058;5
138.131;5
Mn
138.212;5
Mx
138.278;5
138.352;5
Mn
138.426;6
138.5;6
Mx
138.571;6
138.649;6
Mn
138.715;6
138.786;6
Mx
138.863;6
138.932;6
139.005;6
139.078;6
Mn
139.152;6
Mx
139.225;7
139.298;7
139.37;7
Mn
139.441;7
Mx
139.516;7
139.586;7
139.666;7
139.738;7
139.814;7
139.884;7
Mn
139.954;7
140.027;8
140.099;8
140.175;8
140.248;8
140.318;8
140.389;8
140.463;8
140.54;8
140.613;8
140.683;8
140.756;9
140.832;9
140.907;9
140.972;9
141.051;9
141.126;9
141.198;9
141.266;9
141.338;9
141.409;9
141.482;9
141.555;10
141.632;10
141.701;10
141.774;10
141.849;10
141.927;10
142.001;10
142.064;10
142.137;10
142.21;10
142.284;1
142.357;1
142.433;1
142.505;1
142.578;1
vMx
142.65;1
142.721;1
142.792;1
142.865;1
142.941;1
143.02;1
143.087;2
143.159;2
143.232;2
143.31;2
143.376;2
143.455;2
143.523;2
143.596;2
143.669;2
143.743;2
143.813;2
143.889;3
143.96;3
144.034;3
144.104;3
144.177;3
144.251;3
144.322;3
144.399;3
144.47;3
144.544;3
144.616;4
144.69;4
144.757;4
144.836;4
144.908;4
144.983;4
145.052;4
145.123;4
145.197;4
145.271;4
145.347;4
145.42;5
145.493;5
145.563;5
145.644;5
Mn
145.706;5
145.782;5
Mx
145.856;5
Mn
145.927;5
146;5
Mx
146.072;5
146.147;5
146.218;6
146.288;6
146.368;6
Mn
146.441;6
146.507;6
146.581;6
146.657;6
146.731;6
146.804;6
146.875;6
146.947;7
147.021;7
147.092;7
147.166;7
Mx
147.24;7
Mn
147.313;7
147.384;7
Mx
147.456;7
147.528;7
147.602;7
Mn
147.676;7
147.746;8
147.825;8
147.898;8
147.968;8
148.037;8
148.115;8
148.185;8
148.259;8
148.33;8
148.404;8
148.48;9
148.554;9
148.623;9
148.694;9
148.766;9
148.844;9
148.919;9
148.992;9
149.057;9
149.133;9
149.206;9
149.277;10
149.354;10
149.423;10
149.496;10
149.571;10
149.642;10
149.711;10
149.783;10
149.861;10
149.937;10
150.006;10
150.076;1
150.15;1
150.23;1
vMx
150.296;1
150.37;1
150.445;1
150.514;1
150.592;1
150.665;1
150.736;2
150.809;2
150.879;2
150.955;2
151.025;2
151.098;2
151.173;2
151.252;2
151.32;2
151.392;2
151.463;3
151.539;3
151.608;3
151.686;3
151.758;3
151.835;3
151.904;3
151.981;3
152.047;3
152.121;3
152.196;3
152.263;4
152.336;4
152.408;4
152.491;4
152.558;4
152.629;4
152.7;4
152.779;4
152.853;4
152.926;4
152.997;5
153.065;5
153.141;5
153.214;5
153.281;5
153.361;5
153.431;5
153.501;5
153.577;5
Mn
153.649;5
153.72;5
153.796;6
153.868;6
Mx
153.941;6
154.015;6
154.087;6
154.16;6
154.237;6
154.31;6
154.376;6
154.454;6
154.526;7
154.595;7
Mn
154.673;7
154.745;7
154.822;7
154.89;7
154.963;7
155.032;7
155.106;7
155.18;7
155.254;7
155.326;8
155.399;8
155.472;8
155.542;8
155.617;8
155.691;8
155.768;8
155.834;8
155.907;8
155.985;8
156.052;9
156.131;9
156.197;9
156.27;9
156.352;9
156.418;9
156.493;9
156.572;9
156.64;9
156.709;9
156.78;9
156.856;10
156.934;10
157.008;10
157.072;10
157.145;10
157.221;10
157.291;10
157.368;10
157.441;10
157.509;10
157.581;1
157.655;1
157.733;1
157.802;1
157.872;1
157.949;1
vMx
158.018;1
158.09;1
158.162;1
158.237;1
158.312;1
158.386;1
158.457;2
158.536;2
158.604;2
158.675;2
158.751;2
158.824;2
158.894;2
158.966;2
159.042;2
159.112;2
159.187;2
159.261;3
159.331;3
159.408;3
159.484;3
159.551;3
159.625;3
159.703;3
159.769;3
159.84;3
159.914;3
159.985;4
160.058;4
160.134;4
160.206;4
160.277;4
160.357;4
160.428;4
160.497;4
160.57;4
160.642;4
160.716;4
160.787;5
Mn
160.86;5
160.928;5
Mx
161.005;5
161.078;5
161.156;5
161.226;5
161.297;5
Mn
161.372;5
161.444;5
161.515;5
161.589;6
161.665;6
161.737;6
161.806;6
161.886;6
161.956;6
162.031;6
FA
162.1;0
162.17;0
162.244;0
162.323;0
162.388;0
162.465;0
162.537;0
162.606;0
162.682;0
162.758;0
162.825;0
162.905;0
162.983;0
163.05;0
163.121;0
163.194;0
163.266;0
163.338;0
163.411;0
163.482;0
163.555;0
163.627;0
163.7;0
163.777;0
163.848;0
163.92;0
163.998;0
164.068;0
164.138;0
164.217;0
164.287;0
164.355;0
164.429;0
164.502;0
164.576;0
vMx
164.648;1
164.72;1
164.795;1
164.867;1
164.941;1
165.011;2
165.085;2
165.161;2
165.23;2
165.305;2
165.377;2
165.451;2
165.521;2
165.594;2
165.667;3
165.74;3
165.816;3
165.892;3
165.964;3
166.037;3
166.102;3
166.176;3
166.248;3
166.327;4
166.4;4
166.475;4
166.542;4
166.619;4
166.69;4
166.761;4
166.833;4
166.91;4
166.982;5
167.053;5
167.131;5
167.2;5
167.272;5
167.344;5
167.414;5
167.489;5
167.565;5
167.635;6
167.706;6
167.787;6
167.857;6
167.927;6
168.007;6
Mn
168.072;6
168.14;6
Mx
168.218;6
168.289;7
Mn
168.364;7
168.437;7
168.512;7
168.587;7
Mx
168.659;7
168.728;7
FA
168.806;0
Mn
168.879;0
168.951;0
169.025;0
169.093;0
169.164;0
169.234;0
169.309;0
169.387;0
169.452;0
169.53;0
169.603;0
169.679;0
169.751;0
169.819;0
169.893;0
169.972;0
170.043;0
170.11;0
170.188;0
170.259;0
170.332;0
170.407;0
170.476;0
170.552;0
170.623;0
170.701;0
170.773;0
170.846;0
170.916;0
170.989;0
171.062;0
171.132;0
171.204;0
171.282;0
171.349;0
171.422;0
171.496;0
171.571;0
171.642;0
171.711;0
171.788;0
171.863;0
171.934;0
172.004;0
vMx
172.084;1
172.154;1
172.228;1
172.295;1
172.366;1
172.441;1
172.52;2
172.591;2
172.663;2
172.742;2
172.809;2
172.879;2
172.952;2
173.026;2
173.099;2
173.172;2
173.244;3
173.316;3
173.39;3
173.468;3
173.536;3
173.608;3
173.679;3
173.751;3
173.828;3
173.899;3
173.975;4
174.044;4
174.118;4
174.195;4
174.261;4
174.337;4
174.408;4
174.484;4
174.554;4
174.627;4
174.704;5
174.775;5
174.849;5
174.926;5
174.993;5
175.066;5
175.137;5
175.212;5
175.283;5
175.358;5
175.433;6
175.509;6
175.576;6
175.645;6
175.726;6
Mn
175.799;6
175.868;6
175.94;6
Mx
176.012;6
176.085;6
176.155;6
176.232;7
176.31;7
176.378;7
176.451;7
Mn
176.522;7
176.592;7
176.678;7
176.74;7
176.823;7
176.885;7
176.965;8
177.034;8
177.107;8
177.178;8
177.249;8
177.332;8
177.399;8
177.47;8
177.544;8
177.621;8
177.69;9
177.762;9
177.833;9
177.906;9
177.98;9
178.051;9
178.123;9
178.201;9
178.281;9
178.349;9
178.418;10
178.491;10
178.561;10
178.633;10
178.713;10
178.789;10
178.857;10
178.928;10
178.998;10
179.078;10
179.151;1
179.223;1
179.299;1
179.37;1
179.441;1
179.522;1
179.594;1
vMx
179.659;1
179.731;1
179.802;1
179.871;1
179.952;1
180.015;1
180.091;2
180.167;2
180.244;2
180.313;2
180.388;2
180.455;2
180.525;2
180.605;2
180.68;2
180.746;2
180.822;3
180.892;3
180.969;3
181.042;3
181.115;3
181.185;3
181.258;3
181.33;3
181.405;3
181.484;3
181.547;3
181.62;4
181.692;4
181.768;4
181.843;4
181.92;4
181.992;4
182.06;4
182.133;4
182.204;4
182.276;4
182.354;5
182.426;5
182.497;5
182.572;5
182.642;5
182.714;5
182.787;5
182.86;5
182.934;5
183.01;5
183.082;5
183.154;6
183.225;6
183.291;6
Mn
183.368;6
183.442;6
183.519;6
183.587;6
183.663;6
183.735;6
183.806;6
183.879;7
183.952;7
184.025;7
184.1;7
184.171;7
184.242;7
184.314;7
184.389;7
184.459;7
184.541;7
184.616;8
184.682;8
184.756;8
184.827;8
184.898;8
184.974;8
185.044;8
185.117;8
185.192;8
185.263;8
185.338;8
185.409;9
185.484;9
185.556;9
185.63;9
185.701;9
185.775;9
185.848;9
185.917;9
185.991;9
186.066;9
186.142;10
186.213;10
186.29;10
186.358;10
186.429;10
186.505;10
186.573;10
vMx
186.647;1
186.723;1
186.798;1
186.864;1
186.936;1
187.021;2
187.085;2
187.156;2
187.232;2
187.309;2
187.381;2
187.449;2
187.522;2
187.594;2
187.669;2
187.74;3
187.814;3
187.885;3
187.956;3
188.031;3
188.1;3
188.18;3
188.251;3
188.323;3
188.398;4
188.467;4
188.543;4
188.616;4
188.688;4
188.763;4
188.834;4
188.911;4
188.978;4
189.054;4
189.131;5
189.201;5
189.269;5
189.346;5
189.418;5
189.488;5
189.56;5
189.637;5
189.706;5
189.779;6
Mn
189.858;6
Mx
189.925;6
189.999;6
190.071;6
190.145;6
190.215;6
190.291;6
190.365;6
190.434;6
190.507;7
190.584;7
190.657;7
Mn
190.731;7
190.799;7
190.872;7
190.946;7
Mx
191.02;7
191.094;7
191.163;7
Mn
191.237;8
191.31;8
FA
191.382;0
191.452;0
191.531;0
191.611;0
191.675;0
191.744;0
191.821;0
191.893;0
191.964;0
192.038;0
192.112;0
192.185;0
192.255;0
192.33;0
192.402;0
192.476;0
192.552;0
192.622;0
192.697;0
192.765;0
192.842;0
192.914;0
192.985;0
193.06;0
193.138;0
193.204;0
193.282;0
193.351;0
193.423;0
193.494;0
193.569;0
193.64;0
193.716;0
193.791;0
193.863;0
193.935;0
194.004;0
vMx
194.078;1
194.15;1
194.226;1
194.297;1
194.379;1
194.45;1
194.524;2
194.592;2
194.665;2
194.733;2
194.807;2
194.88;2
194.951;2
195.026;2
195.098;2
195.17;2
195.241;3
195.315;3
195.389;3
195.461;3
195.534;3
195.609;3
195.683;3
195.754;3
195.827;3
195.899;3
195.971;4
196.045;4
196.118;4
196.191;4
196.267;4
196.339;4
196.414;4
196.485;4
196.562;4
196.625;4
196.7;5
196.773;5
196.845;5
196.92;5
Mn
196.993;5
197.065;5
Mx
197.14;5
197.208;5
197.283;5
197.357;5
197.431;5
197.5;6
197.573;6
197.646;6
197.719;6
Mn
197.792;6
197.866;6
197.939;6
198.012;6
198.085;6
198.16;6
198.231;7
FA
198.312;0
198.379;0
198.451;0
198.53;0
198.603;0
198.669;0
198.742;0
198.815;0
198.886;0
198.964;0
199.04;0
199.106;0
199.176;0
199.254;0
199.326;0
199.402;0
199.476;0
199.542;0
199.621;0
199.691;0
199.757;0
199.832;0
199.904;0
199.978;0
200.05;0
200.131;0
200.2;0
200.271;0
200.347;0
200.417;0
200.494;0
200.57;0
200.63;0
vMx
200.705;1
200.781;1
200.852;1
200.929;1
201.001;1
201.072;2
201.147;2
201.216;2
201.287;2
201.366;2
201.435;2
201.506;2
201.584;2
201.659;2
201.727;3
201.799;3
201.881;3
201.946;3
202.023;3
202.094;3
202.164;3
202.238;3
202.308;3
202.38;4
202.458;4
202.531;4
202.603;4
202.676;4
202.749;4
202.816;4
202.892;4
202.96;4
203.042;5
203.117;5
203.189;5
203.261;5
203.33;5
203.403;5
203.475;5
203.555;5
203.626;5
203.696;6
203.771;6
203.841;6
203.911;6
203.985;6
Mn
204.061;6
204.131;6
204.203;6
204.275;6
204.347;7
204.421;7
204.495;7
204.568;7
204.639;7
204.715;7
204.787;7
204.858;7
204.931;7
205.006;8
205.081;8
205.158;8
205.224;8
205.297;8
205.37;8
205.441;8
205.517;8
205.59;8
205.661;9
205.737;9
205.807;9
205.882;9
205.959;9
206.025;9
206.097;9
206.172;9
206.244;9
206.321;9
206.39;10
206.469;10
206.536;10
206.606;10
206.68;10
206.751;10
206.827;10
206.901;10
vMx
206.972;1
207.044;1
207.118;1
207.194;1
207.268;2
207.339;2
207.408;2
207.48;2
207.559;2
207.627;2
207.701;2
207.776;2
207.846;2
207.917;3
207.992;3
208.069;3
208.138;3
208.213;3
208.282;3
208.357;3
208.429;3
208.501;4
208.575;4
208.651;4
208.722;4
208.792;4
208.871;4
208.943;4
209.013;4
209.088;4
209.158;5
209.236;5
209.311;5
209.378;5
209.453;5
209.523;5
209.595;5
209.665;5
209.745;6
209.814;6
209.889;6
209.962;6
210.031;6
Mn
210.106;6
Mx
210.174;6
210.25;6
210.327;6
210.399;7
Mn
210.468;7
210.541;7
210.619;7
210.693;7
210.762;7
210.833;7
210.905;7
210.98;7
211.052;8
211.122;8
211.199;8
211.28;8
211.344;8
211.416;8
211.487;8
211.565;8
211.631;9
211.712;9
211.779;9
211.853;9
211.925;9
211.998;9
212.071;9
212.143;9
212.216;9
212.291;10
212.37;10
212.435;10
212.512;10
212.581;10
212.654;10
212.728;10
212.8;10
212.871;1
212.948;1
213.021;1
213.091;1
213.166;1
213.241;1
213.315;1
213.382;1
213.454;1
vMx
213.528;1
213.601;1
213.674;1
213.745;1
213.818;1
213.896;2
213.969;2
214.038;2
214.117;2
214.186;2
214.255;2
214.33;2
214.403;2
214.473;2
214.548;3
214.625;3
214.698;3
214.77;3
214.841;3
214.91;3
214.984;3
215.058;3
215.133;4
215.203;4
215.275;4
215.35;4
215.421;4
215.496;4
215.569;4
215.641;4
215.715;4
215.787;5
215.86;5
215.934;5
216.01;5
216.081;5
216.15;5
216.226;5
216.297;5
216.371;5
216.442;6
216.51;6
216.59;6
216.665;6
216.738;6
Mn
216.81;6
216.883;6
216.953;6
217.024;6
217.102;7
217.173;7
217.245;7
217.313;7
217.389;7
217.462;7
217.533;7
217.606;7
217.68;7
217.756;8
217.826;8
217.897;8
217.977;8
218.048;8
218.122;8
218.194;8
218.261;8
218.335;8
218.409;9
218.482;9
218.552;9
218.626;9
218.702;9
218.774;9
218.851;9
218.924;9
218.991;9
219.067;10
219.141;10
219.213;10
219.283;10
219.355;10
219.428;10
219.502;10
219.573;10
219.646;10
219.728;1
219.798;1
219.872;1
vMx
219.946;1
220.017;1
220.086;1
220.162;1
220.236;2
220.302;2
220.38;2
220.451;2
220.521;2
220.595;2
220.666;2
220.739;2
220.813;2
220.897;3
220.96;3
221.034;3
221.107;3
221.179;3
221.25;3
221.321;3
221.393;3
221.468;3
221.546;4
221.619;4
221.689;4
221.762;4
221.832;4
221.906;4
221.979;4
222.051;4
222.127;4
222.198;5
222.27;5
222.343;5
222.416;5
222.491;5
222.559;5
222.632;5
222.706;5
222.782;5
222.851;6
222.923;6
223.002;6
Mn
223.067;6
223.144;6
223.219;6
223.289;6
223.362;6
223.438;7
223.511;7
223.582;7
223.654;7
223.729;7
223.803;7
223.877;7
223.947;7
224.021;7
224.094;8
224.164;8
224.235;8
224.315;8
224.383;8
224.463;8
224.529;8
224.604;8
224.674;8
224.747;9
224.818;9
224.897;9
224.969;9
225.041;9
225.112;9
225.185;9
225.261;9
225.334;9
225.4;10
225.482;10
225.549;10
225.62;10
225.694;10
225.77;10
225.846;10
225.921;10
225.984;10
226.061;1
226.132;1
226.204;1
vMx
226.276;1
226.347;1
226.422;1
226.503;1
226.573;2
226.642;2
226.719;2
226.795;2
226.863;2
226.933;2
227.003;2
227.077;2
227.151;2
227.231;3
227.3;3
227.376;3
227.443;3
227.517;3
227.588;3
227.662;3
FA
227.736;0
227.803;0
227.879;0
227.952;0
228.026;0
228.1;0
228.17;0
228.245;0
228.321;0
228.392;0
228.461;0
228.543;0
228.61;0
228.683;0
228.752;0
228.826;0
228.896;0
228.969;0
229.045;0
229.119;0
229.19;0
229.264;0
229.338;0
229.408;0
229.481;0
Mn
229.556;0
229.628;0
229.699;0
229.779;0
229.848;0
229.916;0
229.996;0
230.069;0
230.142;0
230.212;0
230.288;0
230.36;0
230.435;0
230.504;0
230.576;0
230.649;0
230.722;0
230.793;0
230.863;0
230.94;0
231.01;0
231.085;0
231.162;0
231.232;0
231.303;0
231.376;0
231.451;0
231.53;0
231.601;0
231.667;0
231.739;0
231.815;0
231.885;0
231.956;0
232.033;0
232.104;0
232.176;0
232.248;0
vMx
FA
232.327;0
232.395;0
232.466;0
232.541;0
232.617;0
232.69;0
232.759;0
232.836;0
232.909;0
232.983;0
233.049;0
233.132;0
233.197;0
233.269;0
233.35;0
233.416;0
233.491;0
233.565;0
233.635;0
233.711;0
233.785;0
233.854;0
233.925;0
233.999;0
234.071;0
234.148;0
234.216;0
234.291;0
234.363;0
234.438;0
234.508;0
234.584;0
234.66;0
234.731;0
234.798;0
234.876;0
234.946;0
235.017;0
235.091;0
235.164;0
235.237;0
Mn
235.311;0
Mx
235.383;0
235.454;0
235.529;0
235.603;0
235.679;0
Mn
235.753;0
235.825;0
235.899;0
235.972;0
236.04;0
236.117;0
236.19;0
236.261;0
236.331;0
236.413;0
236.477;0
236.547;0
236.619;0
236.696;0
236.774;0
236.842;0
236.914;0
236.984;0
237.059;0
237.135;0
237.206;0
237.278;0
237.351;0
237.422;0
237.502;0
237.568;0
237.647;0
237.717;0
237.788;0
237.863;0
237.936;0
238.01;0
238.086;0
238.161;0
238.227;0
238.295;0
238.367;0
238.444;0
238.517;0
238.594;0
238.66;0
238.733;0
vMx
238.811;1
238.878;1
238.953;1
239.026;1
239.1;2
239.169;2
239.246;2
239.318;2
239.391;2
239.462;2
239.538;2
239.611;2
239.679;2
239.752;3
239.827;3
239.901;3
239.973;3
240.043;3
240.119;3
240.193;3
240.262;3
240.337;3
240.409;4
240.487;4
240.559;4
240.633;4
240.7;4
240.776;4
240.846;4
240.92;4
240.991;4
241.063;5
241.139;5
241.212;5
241.283;5
241.357;5
241.429;5
241.501;5
241.574;5
241.649;5
241.72;6
241.798;6
241.866;6
241.94;6
242.009;6
242.086;6
242.157;6
Mn
242.237;6
242.305;6
242.37;7
242.444;7
242.52;7
242.594;7
242.666;7
242.741;7
242.814;7
242.89;7
242.958;7
243.036;8
243.112;8
243.18;8
243.253;8
243.32;8
243.394;8
243.467;8
243.539;8
243.612;8
243.682;9
243.762;9
243.836;9
243.906;9
243.978;9
244.051;9
244.126;9
244.196;9
244.273;9
244.341;10
244.412;10
244.489;10
244.559;10
244.633;10
244.708;10
244.781;10
vMx
244.856;1
244.926;1
244.996;1
245.071;1
245.146;2
245.217;2
245.287;2
245.361;2
245.434;2
245.507;2
245.587;2
245.657;2
245.728;3
245.804;3
245.875;3
245.947;3
246.016;3
246.091;3
246.162;3
246.236;3
246.31;4
246.376;4
246.454;4
246.531;4
246.606;4
246.678;4
246.748;4
246.821;4
246.892;4
246.964;5
247.042;5
247.111;5
247.184;5
247.254;5
247.326;5
247.4;5
247.474;5
247.548;6
247.62;6
247.697;6
247.772;6
Mn
247.84;6
247.91;6
Mx
247.985;6
248.058;6
Mn
248.131;7
248.205;7
Mx
248.274;7
248.354;7
248.435;7
Mn
248.494;7
248.566;7
248.643;7
248.715;7
248.788;8
248.861;8
248.931;8
249.002;8
249.083;8
249.15;8
249.225;8
249.297;8
249.368;9
249.441;9
249.519;9
249.588;9
249.66;9
249.736;9
249.805;9
249.882;9
249.953;10
250.027;10
250.102;10
250.173;10
250.242;10
250.321;10
250.393;10
250.462;10
250.536;10
250.607;1
250.68;1
250.754;1
250.826;1
250.897;1
250.973;1
251.047;1
251.117;1
251.193;2
vMx
251.265;1
251.336;1
251.409;1
251.482;1
251.554;2
251.631;2
251.703;2
251.772;2
251.851;2
251.922;2
251.99;2
252.062;2
252.14;2
252.21;3
252.284;3
252.355;3
252.431;3
252.504;3
252.576;3
252.649;3
252.725;3
252.795;3
252.867;4
252.936;4
253.014;4
253.085;4
253.161;4
253.237;4
253.304;4
253.377;4
253.448;4
253.521;5
253.591;5
253.668;5
253.74;5
253.81;5
253.887;5
253.959;5
254.032;5
254.103;5
254.178;6
254.25;6
Mn
254.32;6
254.395;6
254.471;6
254.542;6
254.612;6
254.685;6
254.757;7
254.833;7
254.908;7
Mx
254.98;7
255.054;7
255.125;7
Mn
255.202;7
255.268;7
255.344;7
255.413;8
255.488;8
255.567;8
255.633;8
255.708;8
255.779;8
255.855;8
255.928;8
256.001;8
256.069;9
256.151;9
256.216;9
256.291;9
256.367;9
256.44;9
256.512;9
256.58;9
256.654;9
256.728;10
256.799;10
256.87;10
256.945;10
257.015;10
257.092;10
257.162;10
257.238;10
257.313;1
257.383;1
257.455;1
257.528;1
257.599;1
257.679;1
257.749;1
vMx
257.82;1
257.894;1
257.967;1
258.04;1
258.11;1
258.185;2
258.257;2
258.33;2
258.406;2
258.473;2
258.552;2
258.619;2
258.694;2
258.767;2
258.84;3
258.91;3
258.991;3
259.057;3
259.13;3
259.201;3
259.276;3
259.348;3
259.42;3
259.492;4
259.573;4
259.641;4
259.718;4
259.789;4
259.86;4
259.93;4
260.012;4
260.081;4
260.151;5
260.224;5
260.296;5
260.37;5
260.441;5
260.514;5
260.586;5
260.664;5
260.732;5
Mn
260.808;6
260.88;6
260.952;6
261.026;6
261.099;6
261.168;6
261.246;6
261.318;6
261.388;6
261.464;7
FA
261.535;0
261.606;0
261.685;0
261.761;0
261.825;0
261.902;0
261.973;0
262.047;0
262.122;0
262.2;0
262.262;0
262.336;0
262.414;0
262.479;0
262.553;0
262.632;0
262.7;0
262.776;0
262.844;0
262.918;0
262.992;0
263.063;0
263.136;0
263.217;0
263.291;0
263.358;0
263.425;0
263.507;0
263.581;0
263.644;0
263.722;0
263.795;0
263.867;0
263.945;0
vMx
264.012;1
264.084;1
264.156;1
264.229;1
264.305;2
264.375;2
264.45;2
264.525;2
264.602;2
264.669;2
264.746;2
264.819;2
264.886;2
264.958;3
265.031;3
265.102;3
265.179;3
265.252;3
265.328;3
265.396;3
265.47;3
265.541;4
265.617;4
265.694;4
265.762;4
265.841;4
265.902;4
265.979;4
266.05;4
266.129;5
266.2;5
266.275;5
266.345;5
266.414;5
266.489;5
266.561;5
266.634;5
266.707;5
266.785;6
266.853;6
266.93;6
267.002;6
267.072;6
Mn
267.144;6
267.216;6
267.291;6
267.362;7
267.436;7
Mx
FA
267.507;0
267.582;0
267.656;0
267.724;0
267.801;0
267.875;0
Mn
267.947;0
268.024;0
268.089;0
268.161;0
268.24;0
268.31;0
268.381;0
268.454;0
268.528;0
268.602;0
268.676;0
268.751;0
268.822;0
268.891;0
268.97;0
269.037;0
269.113;0
269.182;0
269.257;0
269.327;0
269.409;0
269.477;0
269.552;0
269.622;0
269.694;0
269.774;0
269.845;0
269.912;0
269.989;0
270.058;0
270.133;0
270.206;0
270.276;0
270.348;0
270.422;0
270.495;0
270.572;0
270.639;0
270.713;0
270.789;0
270.856;0
270.931;0
vMx
271.005;1
271.081;1
271.153;1
271.224;1
271.296;1
271.374;2
271.442;2
271.514;2
271.587;2
271.661;2
271.742;2
271.814;2
271.881;2
271.953;2
272.031;2
272.1;3
272.177;3
272.24;3
272.317;3
272.387;3
272.468;3
272.535;3
272.607;3
272.681;3
272.756;4
272.827;4
272.902;4
272.973;4
273.05;4
273.123;4
273.193;4
273.265;4
273.345;4
273.409;4
273.489;5
273.551;5
273.625;5
273.702;5
273.773;5
273.847;5
Mn
273.92;5
Mx
273.992;5
274.063;5
274.138;6
274.211;6
274.287;6
Mn
274.359;6
274.432;6
274.499;6
274.577;6
274.649;6
274.72;6
274.791;6
274.864;7
274.938;7
275.011;7
275.087;7
275.159;7
275.23;7
275.309;7
275.377;7
275.447;7
275.519;7
275.598;8
275.674;8
275.742;8
275.815;8
275.888;8
275.958;8
276.029;8
276.104;8
276.182;8
276.252;9
276.321;9
276.396;9
276.47;9
276.545;9
276.626;9
276.691;9
276.763;9
276.834;9
276.906;9
276.975;10
277.051;10
277.124;10
277.194;10
FA
277.27;0
277.341;0
277.415;0
277.486;0
277.559;0
277.632;0
277.713;0
vMx
FA
277.78;0
277.857;0
277.93;0
278.002;0
278.076;0
278.149;0
278.22;0
278.296;0
278.367;0
278.439;0
278.51;0
278.58;0
278.652;0
278.725;0
278.797;0
278.872;0
278.948;0
279.015;0
279.093;0
279.164;0
279.239;0
279.309;0
279.382;0
279.451;0
279.527;0
279.601;0
279.672;0
279.746;0
279.818;0
279.893;0
279.965;0
280.04;0
280.109;0
280.183;0
280.255;0
280.334;0
280.4;0
280.471;0
280.554;0
280.62;0
280.691;0
280.774;0
280.845;0
280.918;0
280.991;0
281.066;0
Mn
281.135;0
281.204;0
281.274;0
281.348;0
281.421;0
281.491;0
281.572;0
281.645;0
281.718;0
281.793;0
281.866;0
281.934;0
282.01;0
282.078;0
282.149;0
282.223;0
282.299;0
282.369;0
282.444;0
282.514;0
282.585;0
282.662;0
282.73;0
282.807;0
282.875;0
282.954;0
283.025;0
283.095;0
283.171;0
283.242;0
283.318;0
283.389;0
283.461;0
283.533;0
283.611;0
283.68;0
283.76;0
283.827;0
283.898;0
283.973;0
vMx
284.046;1
284.117;1
284.193;1
284.269;1
284.335;2
284.411;2
284.483;2
284.552;2
284.631;2
284.7;2
284.777;2
284.847;2
284.921;2
284.99;3
285.069;3
285.137;3
285.208;3
285.288;3
285.353;3
285.426;3
285.505;3
285.572;4
285.647;4
285.725;4
285.798;4
285.867;4
285.942;4
286.012;4
286.083;4
286.155;4
286.231;5
286.3;5
286.374;5
286.449;5
286.52;5
286.594;5
286.664;5
286.739;5
286.819;6
286.887;6
286.959;6
287.03;6
287.108;6
287.176;6
287.251;6
287.32;6
287.397;6
287.472;7
Mn
287.543;7
287.614;7
287.693;7
287.759;7
287.835;7
287.902;7
287.977;7
288.048;7
288.122;8
288.197;8
288.269;8
288.349;8
288.416;8
288.492;8
288.568;8
288.636;8
288.708;9
288.781;9
FA
288.855;0
288.925;0
289.001;0
289.074;0
289.142;0
289.217;0
289.291;0
289.366;0
289.441;0
289.509;0
289.579;0
289.65;0
289.726;0
289.802;0
289.868;0
289.951;0
290.021;0
290.091;0
290.164;0
290.238;0
290.312;0
290.383;0
290.454;0
290.535;0
290.605;0
290.675;0
290.743;0
290.823;0
290.892;0
290.965;0
vMx
291.036;1
291.11;1
291.186;1
291.261;1
291.329;1
291.405;2
291.475;2
291.549;2
291.62;2
291.692;2
291.768;2
291.846;2
291.916;2
291.983;2
292.059;2
292.137;3
292.204;3
292.276;3
292.35;3
292.419;3
292.5;3
292.566;3
292.639;3
292.708;3
292.787;4
292.857;4
292.932;4
293.002;4
293.075;4
293.149;4
293.221;4
293.295;4
293.369;4
293.443;4
293.514;5
293.584;5
293.662;5
293.731;5
293.804;5
293.875;5
293.949;5
294.023;5
294.099;5
Mn
294.172;6
294.246;6
Mx
294.318;6
294.392;6
294.468;6
294.528;6
294.606;6
294.677;6
Mn
294.756;6
294.83;6
294.902;7
294.976;7
295.043;7
295.117;7
295.188;7
295.261;7
295.33;7
295.411;7
295.479;7
295.555;7
295.627;8
295.702;8
295.772;8
295.844;8
295.914;8
295.99;8
296.075;8
296.143;8
296.21;8
296.282;9
296.356;9
296.431;9
296.504;9
296.57;9
296.651;9
296.72;9
296.792;9
296.866;9
296.938;9
297.01;10
297.087;10
297.158;10
297.229;10
297.304;10
297.383;10
297.448;10
297.522;10
297.595;10
297.665;10
297.74;1
297.812;1
297.886;1
297.959;1
298.033;1
298.102;1
298.179;1
298.248;1
298.325;1
vMx
298.395;1
298.469;1
298.542;1
298.613;1
298.69;1
298.76;1
298.833;2
298.905;2
298.975;2
299.054;2
299.124;2
299.194;2
299.27;2
299.349;2
299.417;2
299.501;2
299.56;3
299.635;3
299.706;3
299.778;3
299.858;3
299.928;3
299.996;3
300.069;3
300.144;3
300.222;3
300.292;4
300.36;4
300.44;4
300.507;4
300.577;4
300.65;4
300.724;4
300.798;4
300.871;4
300.943;4
301.021;5
301.093;5
301.168;5
301.243;5
301.315;5
301.387;5
301.456;5
301.529;5
301.607;5
301.677;5
301.747;6
301.817;6
301.892;6
301.963;6
302.036;6
302.112;6
302.182;6
302.256;6
Mn
302.334;6
302.403;6
302.476;7
302.55;7
302.621;7
302.694;7
302.769;7
302.839;7
302.911;7
302.983;7
303.058;7
303.13;7
303.203;8
303.275;8
303.348;8
303.421;8
303.495;8
303.564;8
303.647;8
303.717;8
303.79;8
303.86;8
303.932;9
304.005;9
304.084;9
304.159;9
304.227;9
304.297;9
304.369;9
304.44;9
304.511;9
304.583;9
304.658;10
304.737;10
304.812;10
304.88;10
304.951;10
305.023;10
vMx
305.098;1
305.17;1
305.246;1
305.317;1
305.391;1
305.469;2
305.536;2
305.605;2
305.681;2
305.754;2
305.825;2
305.893;2
305.978;2
306.046;2
306.114;3
306.191;3
306.262;3
306.338;3
306.408;3
306.489;3
306.555;3
306.63;3
306.708;3
306.772;4
306.843;4
306.927;4
306.992;4
307.065;4
307.135;4
307.209;4
307.282;4
307.355;4
307.425;5
307.501;5
307.569;5
307.647;5
307.718;5
307.797;5
307.865;5
307.944;5
308.012;5
308.082;5
308.157;6
308.236;6
308.308;6
308.382;6
Mn
308.453;6
308.527;6
308.6;6
308.667;6
308.742;6
308.813;7
308.883;7
308.959;7
309.03;7
309.103;7
309.177;7
309.253;7
309.319;7
309.4;7
309.465;8
309.543;8
309.61;8
309.686;8
309.761;8
309.837;8
309.906;8
309.979;8
310.051;8
310.123;9
310.198;9
310.268;9
310.343;9
310.415;9
310.491;9
310.561;9
310.636;9
310.71;9
310.778;10
310.851;10
310.925;10
310.997;10
311.071;10
311.141;10
311.218;10
311.293;10
311.366;10
311.435;10
vMx
311.511;1
311.582;1
311.653;1
311.727;1
311.798;2
311.876;2
311.948;2
312.019;2
312.089;2
312.164;2
312.236;2
312.311;2
312.388;2
312.459;3
312.528;3
312.602;3
312.672;3
312.746;3
312.823;3
312.893;3
312.965;3
313.038;3
313.111;4
313.182;4
313.255;4
313.334;4
313.4;4
313.476;4
313.546;4
313.621;4
313.697;4
313.766;5
313.841;5
313.909;5
313.983;5
314.062;5
314.133;5
314.201;5
314.278;5
314.346;5
314.42;6
Mn
314.493;6
314.565;6
314.638;6
Mx
314.71;6
Mn
314.787;6
314.863;6
Mx
314.938;6
315.004;7
315.076;7
315.157;7
Mn
315.228;7
315.297;7
315.37;7
315.439;7
315.521;7
315.587;7
315.662;8
315.734;8
315.805;8
315.885;8
315.952;8
316.028;8
316.095;8
316.173;8
316.241;8
316.315;9
316.387;9
316.461;9
316.534;9
316.607;9
316.678;9
316.752;9
316.823;9
316.899;9
316.972;10
317.043;10
317.116;10
317.192;10
317.262;10
317.336;10
317.414;10
317.484;10
317.555;10
317.636;1
317.698;1
317.773;1
317.844;1
317.918;1
317.991;1
vMx
318.061;1
318.142;1
318.216;1
318.29;1
318.355;1
318.427;2
318.501;2
318.574;2
318.644;2
318.723;2
318.793;2
318.866;2
318.937;2
319.014;3
319.085;3
319.159;3
319.231;3
319.303;3
319.375;3
319.45;3
319.522;3
319.593;3
319.668;4
319.74;4
319.811;4
319.888;4
319.958;4
320.033;4
320.106;4
320.18;4
320.256;4
320.322;5
320.4;5
320.469;5
320.544;5
320.613;5
320.698;5
320.765;5
Mn
320.837;5
320.906;5
320.978;6
321.056;6
Mx
321.121;6
321.195;6
321.274;6
Mn
321.345;6
321.415;6
Mx
321.488;6
321.561;6
321.632;7
321.704;7
321.779;7
321.846;7
Mn
321.926;7
321.999;7
322.07;7
322.143;7
322.221;7
322.29;8
322.362;8
322.437;8
FA
322.507;0
322.587;0
322.66;0
322.725;0
322.801;0
322.876;0
322.944;0
323.016;0
323.087;0
323.164;0
323.235;0
323.312;0
323.381;0
323.454;0
323.531;0
323.609;0
323.674;0
323.742;0
323.819;0
323.893;0
323.968;0
324.038;0
324.108;0
324.186;0
324.262;0
324.329;0
324.4;0
324.478;0
vMx
FA
324.546;0
324.618;0
324.69;0
324.765;0
324.838;0
324.909;0
324.983;0
325.055;0
325.13;0
325.199;0
325.28;0
325.35;0
325.42;0
325.496;0
325.567;0
325.639;0
325.719;0
325.782;0
325.861;0
325.932;0
326.009;0
326.078;0
326.151;0
326.225;0
326.295;0
326.367;0
326.441;0
326.517;0
326.586;0
326.66;0
326.731;0
326.809;0
326.884;0
326.951;0
327.025;0
327.093;0
327.167;0
327.238;0
327.319;0
327.39;0
327.461;0
327.534;0
327.605;0
327.68;0
Mn
327.753;0
327.824;0
327.896;0
327.971;0
328.043;0
328.118;0
328.186;0
328.262;0
328.336;0
328.408;0
328.479;0
328.563;0
328.632;0
328.699;0
328.768;0
328.848;0
328.918;0
328.992;0
329.073;0
329.139;0
329.208;0
329.28;0
329.361;0
329.431;0
329.505;0
329.571;0
329.647;0
329.73;0
329.792;0
329.863;0
329.938;0
330.011;0
330.085;0
330.159;0
330.23;0
330.305;0
330.376;0
330.448;0
330.52;0
330.598;0
vMx
330.664;1
330.74;1
330.813;1
330.885;1
330.958;2
331.033;2
331.106;2
331.175;2
331.252;2
331.322;2
331.393;2
331.466;2
331.54;3
331.61;3
331.69;3
331.762;3
331.83;3
331.903;3
331.977;3
332.051;3
332.124;3
332.196;4
332.271;4
332.34;4
332.413;4
332.485;4
332.566;4
332.634;4
332.706;4
332.778;5
332.852;5
332.927;5
333.002;5
333.068;5
Mn
333.143;5
333.214;5
333.286;5
333.363;6
333.434;6
Mx
333.509;6
333.58;6
Mn
333.656;6
333.724;6
333.799;6
333.87;6
333.946;6
334.023;7
334.087;7
334.161;7
334.234;7
334.311;7
334.38;7
334.455;7
334.525;7
334.6;8
334.677;8
334.745;8
334.817;8
334.891;8
334.97;8
335.037;8
335.105;8
335.181;8
335.255;9
335.334;9
335.402;9
335.475;9
335.553;9
335.624;9
335.692;9
335.766;9
335.837;10
335.91;10
335.986;10
336.061;10
336.132;10
336.204;10
336.275;10
336.346;10
336.421;10
336.492;1
336.567;1
FA
336.644;0
336.712;0
336.785;0
336.861;0
336.931;0
337.003;0
337.081;0
337.156;0
vMx
FA
337.223;0
337.297;0
337.371;0
337.441;0
337.517;0
337.594;0
337.659;0
337.732;0
337.806;0
337.881;0
337.95;0
338.024;0
338.096;0
338.167;0
338.243;0
338.313;0
338.389;0
338.465;0
338.533;0
338.605;0
338.679;0
338.749;0
338.827;0
338.894;0
338.968;0
339.043;0
339.117;0
339.194;0
339.266;0
339.342;0
339.412;0
339.485;0
339.555;0
339.631;0
339.697;0
339.77;0
339.847;0
339.919;0
339.992;0
340.062;0
340.137;0
340.207;0
340.283;0
340.353;0
340.43;0
340.5;0
340.571;0
Mn
340.646;0
340.718;0
340.79;0
340.87;0
340.941;0
341.011;0
341.086;0
341.157;0
341.228;0
341.303;0
341.374;0
341.447;0
341.522;0
341.596;0
341.67;0
341.742;0
341.811;0
341.887;0
341.957;0
342.031;0
342.1;0
342.176;0
342.246;0
342.323;0
342.393;0
342.465;0
342.538;0
342.61;0
342.684;0
342.757;0
342.831;0
342.901;0
342.976;0
343.048;0
343.12;0
343.193;0
343.274;0
343.342;0
vMx
FA
343.424;0
343.489;0
343.562;0
343.638;0
343.713;0
343.779;0
343.853;0
343.929;0
343.996;0
344.071;0
344.143;0
344.215;0
344.289;0
344.36;0
344.434;0
344.51;0
344.577;0
344.654;0
344.735;0
344.801;0
344.873;0
344.943;0
345.021;0
345.091;0
345.163;0
345.235;0
345.307;0
345.379;0
345.458;0
345.527;0
345.602;0
345.672;0
345.744;0
345.818;0
345.891;0
345.963;0
346.032;0
346.107;0
346.18;0
Mn
346.256;0
Mx
346.33;0
346.401;0
Mn
346.471;0
346.549;0
346.617;0
346.692;0
346.761;0
346.839;0
346.911;0
346.983;0
347.056;0
347.13;0
347.202;0
347.275;0
347.349;0
347.427;0
347.494;0
347.567;0
347.644;0
347.712;0
347.786;0
347.865;0
347.933;0
348.003;0
348.074;0
348.151;0
348.222;0
348.3;0
348.367;0
348.441;0
348.516;0
348.587;0
348.667;0
348.734;0
348.804;0
348.88;0
348.952;0
349.021;0
vMx
349.097;1
349.17;1
349.242;1
349.319;2
349.388;2
349.463;2
349.536;2
349.609;2
349.678;2
349.75;2
349.826;2
349.897;3
349.978;3
350.046;3
350.121;3
350.192;3
350.261;3
350.336;3
350.408;3
350.48;4
350.55;4
350.628;4
350.701;4
350.772;4
350.841;4
350.917;4
350.993;4
351.067;5
351.134;5
351.213;5
351.283;5
351.356;5
351.433;5
351.502;5
351.574;6
351.645;6
351.719;6
351.788;6
Mn
351.866;6
351.939;6
352.01;6
352.086;6
352.163;7
352.226;7
352.302;7
352.376;7
352.453;7
352.525;7
352.599;7
352.672;7
352.738;8
352.818;8
352.889;8
352.96;8
353.033;8
353.102;8
353.175;8
353.25;8
353.324;9
353.395;9
353.468;9
353.538;9
353.612;9
353.694;9
353.758;9
353.835;9
353.908;10
353.983;10
354.05;10
354.124;10
354.198;10
354.27;10
354.346;10
354.414;1
354.485;1
354.56;1
354.637;1
354.71;1
354.777;1
354.852;1
354.925;1
vMx
354.997;1
355.07;1
355.142;1
355.218;1
355.289;2
355.364;2
355.431;2
355.502;2
355.579;2
355.647;2
355.725;2
355.797;2
355.876;3
355.947;3
356.017;3
356.087;3
356.165;3
356.235;3
356.307;3
356.387;3
356.456;4
356.529;4
356.602;4
356.671;4
356.749;4
356.819;4
356.895;4
356.966;4
357.041;5
357.11;5
357.182;5
357.255;5
357.33;5
357.408;5
357.481;5
357.548;5
357.622;6
357.695;6
357.765;6
Mn
357.843;6
Mx
357.911;6
357.984;6
358.055;6
358.136;6
358.204;7
358.283;7
358.354;7
358.426;7
FA
358.497;0
Mn
358.563;0
358.639;0
358.712;0
358.783;0
358.857;0
358.937;0
359.008;0
359.076;0
359.146;0
359.225;0
359.294;0
359.365;0
359.44;0
359.513;0
359.586;0
359.656;0
359.735;0
359.809;0
359.879;0
359.949;0
360.02;0
360.097;0
360.167;0
360.242;0
360.313;0
360.385;0
360.461;0
360.536;0
360.607;0
360.679;0
360.753;0
360.822;0
360.896;0
360.969;0
vMx
361.042;1
361.12;1
361.196;1
361.263;1
361.333;2
361.412;2
361.479;2
361.553;2
361.627;2
361.698;2
361.77;2
361.845;2
361.917;3
361.992;3
362.062;3
362.135;3
362.21;3
362.281;3
362.357;3
362.433;3
362.5;4
362.571;4
362.646;4
362.721;4
362.792;4
362.862;4
362.939;4
363.013;4
363.081;4
363.162;5
363.229;5
363.305;5
363.383;5
363.447;5
363.522;5
363.599;5
363.668;5
363.739;6
363.811;6
363.889;6
363.96;6
Mn
364.031;6
364.105;6
364.178;6
364.249;6
364.32;7
364.397;7
364.47;7
364.542;7
364.617;7
364.689;7
364.76;7
364.833;7
364.909;8
364.978;8
365.051;8
365.123;8
365.197;8
365.267;8
365.342;8
365.418;8
365.487;8
365.563;9
365.632;9
365.71;9
365.778;9
365.85;9
365.925;9
365.997;9
366.07;9
366.146;10
366.223;10
366.29;10
366.361;10
366.431;10
vMx
FA
366.506;0
366.584;0
366.658;0
366.727;0
366.806;0
366.867;0
366.944;0
367.023;0
367.09;0
367.167;0
367.239;0
367.307;0
367.379;0
367.452;0
367.528;0
367.599;0
367.672;0
367.744;0
367.822;0
367.891;0
367.962;0
368.035;0
368.114;0
368.188;0
368.254;0
368.326;0
368.405;0
368.475;0
368.551;0
368.618;0
368.692;0
368.764;0
Mn
368.837;0
368.91;0
Mx
368.984;0
369.061;0
369.13;0
369.202;0
369.275;0
369.347;0
Mn
369.419;0
Mx
369.497;0
369.569;0
369.638;0
369.714;0
369.785;0
369.856;0
369.93;0
Mn
370.005;0
370.081;0
370.15;0
370.222;0
370.302;0
370.376;0
370.448;0
370.514;0
370.584;0
370.657;0
370.73;0
370.806;0
370.876;0
370.951;0
371.023;0
371.095;0
371.176;0
371.246;0
371.311;0
371.393;0
371.462;0
371.535;0
371.608;0
371.682;0
371.754;0
371.833;0
371.903;0
371.973;0
372.045;0
372.123;0
372.19;0
372.269;0
372.338;0
372.412;0
372.479;0
372.562;0
372.626;0
372.706;0
vMx
FA
372.771;0
372.85;0
372.922;0
372.997;0
373.064;0
373.134;0
373.213;0
373.28;0
373.358;0
373.433;0
373.503;0
373.575;0
373.653;0
373.72;0
373.793;0
373.862;0
373.938;0
374.015;0
374.088;0
374.154;0
374.228;0
374.302;0
374.374;0
374.45;0
374.527;0
374.592;0
374.67;0
374.744;0
374.814;0
374.884;0
374.956;0
375.028;0
375.108;0
375.175;0
375.25;0
375.321;0
375.394;0
375.467;0
Mn
375.542;0
Mx
375.613;0
375.684;0
375.759;0
Mn
375.832;0
Mx
375.909;0
375.982;0
Mn
376.049;0
Mx
376.121;0
376.198;0
Mn
376.269;0
376.34;0
Mx
376.418;0
376.487;0
376.558;0
376.637;0
376.713;0
376.786;0
Mn
376.857;0
376.931;0
376.997;0
377.071;0
377.141;0
377.214;0
377.295;0
377.365;0
377.437;0
377.511;0
377.584;0
377.653;0
377.724;0
377.797;0
377.871;0
377.941;0
378.018;0
378.093;0
378.162;0
378.237;0
378.306;0
378.383;0
378.455;0
378.531;0
378.606;0
378.671;0
378.75;0
378.825;0
378.899;0
378.966;0
379.034;0
379.106;0
379.182;0
379.252;0
379.327;0
379.401;0
379.473;0
379.549;0
379.619;0
vMx
379.699;1
379.767;1
379.836;1
379.911;1
379.988;1
380.057;2
380.132;2
380.2;2
380.272;2
380.351;2
380.421;2
380.499;2
380.565;2
380.636;2
380.712;2
380.784;3
380.86;3
380.931;3
381.003;3
381.081;3
381.148;3
381.222;3
381.299;3
381.368;3
381.443;4
381.514;4
381.589;4
381.661;4
381.737;4
381.807;4
381.877;4
381.95;4
382.026;4
382.097;4
382.175;5
382.245;5
382.318;5
382.384;5
382.46;5
382.537;5
382.61;5
382.682;5
382.755;5
382.826;6
Mn
382.897;6
382.972;6
383.042;6
383.118;6
383.188;6
383.261;6
383.333;6
383.404;6
383.482;6
383.554;7
FA
383.628;0
383.701;0
383.772;0
383.847;0
383.916;0
383.989;0
384.066;0
384.14;0
384.215;0
384.282;0
384.356;0
384.43;0
384.5;0
384.575;0
384.646;0
384.723;0
384.793;0
384.864;0
384.937;0
385.009;0
385.083;0
385.161;0
385.228;0
385.302;0
385.372;0
385.446;0
385.518;0
vMx
385.59;1
385.664;1
385.739;1
385.812;1
385.89;2
385.955;2
386.03;2
386.099;2
386.175;2
386.245;2
386.321;2
386.393;2
386.467;3
386.548;3
386.613;3
386.691;3
386.766;3
386.83;3
386.9;3
386.978;3
387.053;4
387.127;4
387.205;4
387.27;4
387.34;4
387.415;4
387.488;4
387.557;4
387.637;5
387.707;5
387.781;5
387.854;5
387.93;5
387.996;5
388.068;5
388.141;5
388.213;6
388.288;6
388.361;6
388.433;6
388.508;6
388.581;6
Mn
388.651;6
388.724;6
Mx
388.796;7
388.873;7
388.947;7
389.016;7
389.092;7
389.16;7
389.236;7
FA
389.308;0
389.381;0
389.455;0
Mn
389.53;0
389.603;0
389.674;0
389.739;0
389.816;0
389.889;0
389.963;0
390.036;0
390.108;0
390.179;0
390.257;0
390.328;0
390.407;0
390.478;0
390.548;0
390.62;0
390.696;0
390.765;0
390.842;0
390.915;0
390.984;0
391.058;0
391.131;0
391.202;0
391.276;0
391.35;0
391.42;0
391.494;0
391.566;0
391.637;0
391.717;0
391.787;0
391.859;0
vMx
391.931;1
392.005;1
392.076;1
392.15;1
392.223;2
392.295;2
392.369;2
392.439;2
392.513;2
392.582;2
392.663;2
392.732;2
392.811;2
392.879;3
392.95;3
393.026;3
393.101;3
393.171;3
393.242;3
393.319;3
393.387;3
393.459;3
393.533;4
393.605;4
393.676;4
393.756;4
393.827;4
393.898;4
393.973;4
394.047;4
394.123;5
394.19;5
394.264;5
394.333;5
394.405;5
394.48;5
394.552;5
394.625;5
394.697;5
394.777;6
394.842;6
394.915;6
394.99;6
395.069;6
395.138;6
395.212;6
395.28;6
395.354;6
395.425;7
Mn
395.502;7
395.571;7
395.648;7
395.719;7
395.795;7
395.865;7
395.948;7
396.012;8
396.085;8
396.155;8
396.227;8
396.301;8
396.373;8
396.451;8
396.521;8
396.597;8
396.669;9
FA
396.738;0
396.814;0
396.883;0
396.956;0
397.031;0
397.101;0
397.181;0
397.247;0
397.321;0
397.399;0
397.472;0
397.541;0
397.611;0
397.683;0
397.759;0
vMx
397.828;1
397.901;1
397.981;1
398.051;1
398.128;2
398.202;2
398.266;2
398.337;2
398.412;2
398.488;2
398.56;2
398.631;2
398.704;3
398.783;3
398.853;3
398.925;3
399.001;3
399.07;3
399.142;3
399.217;3
399.292;4
399.361;4
399.437;4
399.508;4
399.584;4
399.653;4
399.723;4
399.799;4
399.872;5
399.943;5
400.015;5
400.09;5
400.165;5
400.236;5
400.311;5
400.382;5
400.459;6
400.529;6
400.598;6
400.679;6
400.746;6
400.817;6
400.885;6
400.962;6
401.036;7
Mn
401.109;7
401.186;7
401.256;7
401.33;7
401.409;7
401.471;7
401.554;7
401.624;8
401.692;8
401.766;8
401.839;8
401.911;8
401.983;8
402.059;8
402.128;8
402.205;9
402.272;9
402.347;9
402.427;9
402.499;9
402.568;9
402.637;9
402.711;9
402.783;10
402.856;10
402.931;10
403.01;10
403.082;10
403.149;10
403.222;10
403.303;10
403.369;1
403.44;1
403.515;1
403.588;1
403.66;1
403.736;1
vMx
403.806;1
403.876;1
403.95;1
404.026;1
404.093;2
404.171;2
404.246;2
404.314;2
404.391;2
404.467;2
404.533;2
404.604;2
404.682;3
404.753;3
404.826;3
404.898;3
404.972;3
405.045;3
405.118;3
405.189;3
405.264;4
405.333;4
405.407;4
405.479;4
405.554;4
405.626;4
405.699;4
405.77;4
405.846;5
405.917;5
405.991;5
406.064;5
406.139;5
406.213;5
406.285;5
406.358;5
406.434;6
406.497;6
406.573;6
406.648;6
406.718;6
406.789;6
406.866;6
406.936;6
Mn
407.015;6
Mx
407.087;7
407.157;7
407.233;7
Mn
407.302;7
407.374;7
407.448;7
407.522;7
407.593;7
407.665;8
407.741;8
407.812;8
407.881;8
407.955;8
408.028;8
408.107;8
408.181;8
408.249;9
408.322;9
408.395;9
408.466;9
408.541;9
408.612;9
408.683;9
408.755;9
408.832;10
408.901;10
408.98;10
409.056;10
409.123;10
409.194;10
409.267;10
409.343;10
409.416;10
409.487;1
409.559;1
409.631;1
409.706;1
409.778;1
409.855;1
409.929;1
409.998;1
410.071;2
410.141;2
410.217;2
FA
410.284;0
410.364;0
410.433;0
410.506;0
vMx
410.58;1
410.653;1
410.73;1
410.801;1
410.87;1
410.945;2
411.016;2
411.093;2
411.164;2
411.241;2
411.309;2
411.381;2
411.453;2
411.527;2
411.599;3
411.67;3
411.745;3
411.821;3
411.89;3
411.963;3
412.037;3
412.11;3
412.18;3
412.251;4
412.327;4
412.399;4
412.476;4
412.548;4
412.62;4
412.694;4
412.765;4
412.836;4
412.913;4
412.987;5
413.056;5
413.129;5
413.198;5
413.275;5
413.348;5
413.42;5
413.491;5
413.566;5
413.645;6
413.712;6
413.786;6
413.858;6
Mn
413.929;6
414.002;6
414.081;6
414.148;6
Mx
414.223;6
414.295;7
414.369;7
414.441;7
414.517;7
414.586;7
Mn
FA
414.659;0
Mx
414.733;0
414.806;0
Mn
414.873;0
414.952;0
415.022;0
415.098;0
415.164;0
415.242;0
415.311;0
Mx
415.388;0
415.457;0
Mn
415.531;0
415.607;0
Mx
415.675;0
Mn
415.75;0
415.825;0
Mx
415.899;0
415.972;0
416.039;0
416.118;0
416.191;0
Mn
416.264;0
Mx
416.335;0
416.409;0
Mn
416.484;0
416.552;0
Mx
416.624;0
416.697;0
416.77;0
416.842;0
416.916;0
Mn
416.993;0
417.062;0
417.135;0
417.206;0
417.283;0
417.357;0
417.43;0
417.501;0
417.574;0
417.643;0
417.718;0
417.79;0
Mx
417.866;0
417.936;0
418.009;0
418.083;0
Mn
418.158;0
418.232;0
418.301;0
418.371;0
418.448;0
418.521;0
418.595;0
418.667;0
418.741;0
418.815;0
418.884;0
418.958;0
419.035;0
419.109;0
419.175;0
419.25;0
419.322;0
419.396;0
419.468;0
419.54;0
419.611;0
419.684;0
419.761;0
419.832;0
419.903;0
419.977;0
420.048;0
420.118;0
420.198;0
420.272;0
420.343;0
420.412;0
420.484;0
420.56;0
420.635;0
420.707;0
420.776;0
420.855;0
420.921;0
420.997;0
421.069;0
421.145;0
421.215;0
421.289;0
421.359;0
421.428;0
421.51;0
421.581;0
421.659;0
vMx
FT
421.727;0
421.801;0
421.875;0
421.945;0
422.016;0
422.09;0
422.159;0
422.233;0
422.305;0
422.383;0
422.45;0
422.522;0
422.601;0
422.672;0
422.745;0
422.816;0
422.89;0
422.966;0
423.032;0
423.106;0
423.182;0
423.256;0
423.325;0
423.404;0
423.472;0
423.544;0
423.62;0
423.695;0
423.764;0
423.842;0
423.911;0
423.985;0
424.054;0
424.136;0
424.202;0
424.272;0
424.347;0
424.418;0
424.491;0
424.568;0
424.637;0
424.709;0
424.784;0
424.856;0
424.93;0
425.004;0
425.079;0
425.151;0
425.228;0
425.296;0
Mn
425.373;0
425.442;0
425.513;0
425.591;0
425.659;0
425.73;0
425.805;0
425.879;0
425.95;0
426.022;0
426.095;0
426.168;0
426.244;0
426.314;0
426.387;0
426.461;0
426.533;0
426.607;0
426.678;0
426.754;0
426.824;0
426.899;0
426.972;0
427.041;0
427.11;0
427.19;0
427.262;0
427.333;0
427.412;0
427.485;0
427.557;0
427.627;0
427.703;0
427.773;0
427.843;0
427.918;0
427.988;0
428.06;0
vMx
FT
428.135;0
428.212;0
428.278;0
428.354;0
428.427;0
428.498;0
428.574;0
428.646;0
428.721;0
428.79;0
428.861;0
428.942;0
429.01;0
429.083;0
429.158;0
429.23;0
429.301;0
429.378;0
429.453;0
429.516;0
429.592;0
429.669;0
429.742;0
429.813;0
429.884;0
429.96;0
430.031;0
430.099;0
430.174;0
430.25;0
430.322;0
430.395;0
430.473;0
430.538;0
430.615;0
430.687;0
430.759;0
430.831;0
430.901;0
430.975;0
431.049;0
431.127;0
431.196;0
431.272;0
431.342;0
431.413;0
431.486;0
431.561;0
431.632;0
431.701;0
431.778;0
431.848;0
Mn
431.923;0
431.993;0
432.07;0
432.147;0
432.217;0
432.286;0
432.364;0
432.433;0
432.506;0
432.579;0
432.651;0
432.724;0
432.797;0
432.871;0
432.944;0
433.015;0
433.092;0
433.161;0
433.236;0
433.307;0
433.379;0
433.466;0
433.529;0
433.6;0
433.673;0
433.751;0
433.82;0
433.888;0
433.961;0
434.043;0
434.104;0
434.179;0
434.254;0
434.327;0
vMx
434.405;1
434.476;1
434.549;1
434.621;1
434.691;2
434.77;2
434.837;2
434.915;2
434.988;2
435.055;2
435.127;2
435.201;2
435.275;2
435.348;3
435.421;3
435.495;3
435.567;3
435.638;3
435.708;3
435.782;3
435.851;3
435.923;4
436.005;4
436.078;4
436.148;4
436.222;4
436.291;4
436.368;4
436.441;4
436.51;4
436.586;5
436.657;5
436.734;5
436.804;5
436.876;5
436.954;5
437.027;5
437.098;5
437.175;6
437.247;6
437.315;6
Mn
437.385;6
437.463;6
437.532;6
437.611;6
FA
437.677;0
437.749;0
437.823;0
437.897;0
437.969;0
438.044;0
438.114;0
438.195;0
438.27;0
438.341;0
438.408;0
438.481;0
438.556;0
438.628;0
438.705;0
438.776;0
438.847;0
438.92;0
438.994;0
439.061;0
439.142;0
439.212;0
439.281;0
439.353;0
439.43;0
439.499;0
439.57;0
439.644;0
vMx
439.718;1
439.792;1
439.869;1
439.941;2
440.008;2
440.084;2
440.155;2
440.23;2
440.303;2
440.372;2
440.447;3
440.517;3
440.595;3
440.668;3
440.741;3
440.811;3
440.883;3
440.956;4
441.026;4
441.102;4
441.174;4
441.247;4
441.323;4
441.395;4
441.465;4
441.537;5
441.613;5
441.685;5
441.756;5
441.831;5
441.905;5
441.984;5
442.048;6
442.122;6
442.192;6
442.271;6
442.34;6
442.415;6
442.485;6
442.557;7
442.629;7
442.704;7
442.777;7
442.858;7
442.925;7
FA
442.997;0
443.072;0
443.144;0
Mn
443.214;0
443.291;0
443.356;0
443.438;0
443.504;0
443.579;0
443.653;0
443.721;0
443.799;0
443.869;0
443.942;0
444.014;0
444.086;0
444.166;0
444.235;0
444.31;0
444.382;0
444.459;0
444.526;0
444.6;0
444.672;0
444.745;0
444.817;0
444.893;0
444.965;0
445.033;0
445.112;0
445.185;0
445.251;0
445.332;0
445.399;0
445.474;0
445.548;0
445.62;0
445.691;0
445.764;0
445.837;0
445.914;0
445.983;0
vMx
446.055;1
446.133;1
446.201;1
446.274;1
446.35;2
446.424;2
446.494;2
446.576;2
446.649;2
446.714;2
446.783;2
446.862;2
446.927;2
447.001;3
447.076;3
447.146;3
447.22;3
447.292;3
447.365;3
447.438;3
447.518;3
447.586;3
447.664;4
447.729;4
447.803;4
447.876;4
447.949;4
448.022;4
448.092;4
448.168;4
448.242;5
448.317;5
448.387;5
448.461;5
448.537;5
448.605;5
448.677;5
448.754;5
448.83;5
448.895;6
448.969;6
449.042;6
449.114;6
449.189;6
449.266;6
449.335;6
449.405;6
449.482;6
449.549;7
449.633;7
449.709;7
449.774;7
449.845;7
449.917;7
449.991;7
Mn
450.062;7
450.135;7
450.205;8
FA
450.282;0
450.355;0
450.429;0
450.498;0
450.571;0
450.644;0
450.718;0
450.792;0
450.865;0
450.94;0
451.009;0
451.083;0
451.16;0
451.231;0
451.301;0
451.372;0
451.446;0
451.518;0
451.591;0
451.664;0
451.737;0
451.806;0
451.88;0
451.957;0
452.028;0
452.099;0
452.171;0
vMx
FA
452.253;0
452.32;0
452.398;0
452.464;0
452.541;0
452.61;0
452.686;0
452.756;0
452.832;0
452.911;0
452.981;0
453.051;0
453.12;0
453.194;0
453.268;0
453.341;0
453.411;0
453.487;0
453.56;0
453.633;0
453.702;0
453.782;0
453.85;0
453.918;0
454;0
454.069;0
454.14;0
454.212;0
454.29;0
454.359;0
454.432;0
454.506;0
454.578;0
454.651;0
454.724;0
454.799;0
454.868;0
454.945;0
455.017;0
455.094;0
455.166;0
455.233;0
Mn
455.311;0
455.382;0
455.454;0
455.528;0
455.604;0
455.674;0
455.75;0
455.821;0
455.889;0
455.963;0
456.033;0
456.113;0
456.186;0
456.254;0
456.329;0
456.4;0
456.475;0
456.545;0
456.624;0
456.695;0
456.765;0
456.845;0
456.915;0
456.987;0
457.06;0
457.13;0
457.201;0
457.272;0
457.353;0
457.421;0
457.495;0
457.566;0
457.642;0
457.717;0
457.785;0
vMx
457.856;1
457.937;1
458.003;1
458.077;2
458.154;2
458.22;2
458.294;2
458.364;2
458.434;2
458.514;2
458.596;2
458.665;3
458.734;3
458.799;3
458.882;3
458.953;3
459.02;3
459.096;3
459.169;3
459.237;4
459.315;4
459.386;4
459.458;4
459.531;4
459.602;4
459.681;4
459.753;5
459.824;5
459.902;5
459.966;5
460.047;5
460.12;5
460.187;5
460.26;5
460.333;6
460.41;6
460.478;6
460.553;6
460.623;6
460.701;6
460.772;6
460.841;6
460.919;7
460.996;7
461.063;7
461.135;7
461.21;7
FA
461.277;0
461.352;0
Mn
461.429;0
461.5;0
461.571;0
461.646;0
461.716;0
461.794;0
461.87;0
461.933;0
462.009;0
462.083;0
462.156;0
462.227;0
462.3;0
462.371;0
462.449;0
462.523;0
462.594;0
462.668;0
462.74;0
462.817;0
462.888;0
462.957;0
463.033;0
463.103;0
463.181;0
463.25;0
463.32;0
463.391;0
463.467;0
463.541;0
463.616;0
463.689;0
463.758;0
vMx
463.833;1
463.907;1
463.982;1
464.049;1
464.123;2
464.194;2
464.266;2
464.346;2
464.421;2
464.49;2
464.56;2
464.632;2
464.706;3
464.781;3
464.852;3
464.926;3
464.995;3
465.071;3
465.149;3
465.219;3
465.287;4
465.36;4
465.432;4
465.505;4
465.577;4
465.654;4
465.724;4
465.798;4
465.873;5
465.942;5
466.016;5
466.09;5
466.163;5
466.235;5
466.306;5
466.379;5
466.452;5
466.525;6
466.6;6
466.675;6
466.746;6
466.816;6
466.89;6
466.963;6
Mn
467.034;6
467.109;7
467.179;7
467.251;7
467.329;7
467.404;7
467.475;7
467.546;7
467.621;7
467.691;8
467.767;8
467.844;8
467.916;8
467.986;8
468.056;8
468.127;8
468.201;8
468.273;9
468.35;9
468.419;9
468.493;9
468.568;9
468.641;9
468.714;9
468.785;9
468.859;10
468.929;10
469.002;10
469.074;10
469.15;10
469.223;10
469.295;10
469.366;10
469.438;10
469.517;1
469.592;1
469.664;1
469.73;1
469.802;1
vMx
469.877;1
469.95;1
470.021;1
470.098;1
470.173;2
470.242;2
470.315;2
470.392;2
470.457;2
470.532;2
470.607;2
470.677;2
470.754;3
470.821;3
470.9;3
470.968;3
471.042;3
471.112;3
471.187;3
471.263;3
471.342;4
471.407;4
471.478;4
471.557;4
471.627;4
471.699;4
471.783;4
471.845;4
471.915;4
471.991;5
472.064;5
472.136;5
472.209;5
472.281;5
472.357;5
472.427;5
472.5;5
472.574;6
472.643;6
472.719;6
472.79;6
472.864;6
472.936;6
473.007;6
473.082;6
473.153;7
473.233;7
473.303;7
Mn
473.373;7
473.444;7
473.518;7
473.59;7
473.667;7
473.735;7
473.809;8
473.881;8
473.957;8
474.032;8
474.105;8
474.175;8
474.248;8
474.323;8
474.396;9
474.466;9
FA
474.541;0
474.619;0
474.686;0
474.755;0
474.828;0
474.904;0
474.974;0
475.051;0
475.123;0
475.197;0
475.266;0
475.341;0
475.416;0
475.486;0
475.558;0
475.632;0
475.704;0
475.778;0
475.857;0
475.928;0
476.002;0
476.069;0
476.141;0
476.214;0
vMx
476.287;1
476.359;1
476.431;1
476.504;1
476.578;2
476.651;2
476.731;2
476.799;2
476.871;2
476.951;2
477.015;2
477.087;2
477.16;2
477.234;3
477.306;3
477.377;3
477.452;3
477.523;3
477.598;3
477.672;3
477.744;3
477.822;3
477.892;4
477.962;4
478.039;4
478.107;4
478.186;4
478.252;4
478.33;4
478.401;4
478.47;4
478.546;5
478.616;5
478.697;5
478.77;5
478.844;5
478.913;5
478.985;5
479.059;5
479.132;6
479.199;6
479.278;6
479.347;6
479.422;6
479.492;6
479.566;6
479.638;6
479.71;6
479.781;7
479.863;7
479.934;7
480.007;7
480.068;7
480.146;7
480.217;7
480.295;7
480.367;7
FA
480.443;0
480.514;0
Mn
480.583;0
Mx
480.655;0
480.73;0
480.803;0
480.876;0
Mn
480.952;0
481.026;0
Mx
481.103;0
481.17;0
Mn
481.244;0
481.315;0
Mx
481.384;0
481.458;0
481.537;0
481.61;0
481.681;0
481.748;0
481.822;0
Mn
481.9;0
481.969;0
482.045;0
482.115;0
Mx
482.19;0
482.261;0
482.334;0
482.412;0
482.479;0
Mn
482.556;0
482.625;0
482.699;0
Mx
482.773;0
Mn
482.848;0
Mx
482.916;0
482.991;0
483.064;0
Mn
483.134;0
483.213;0
483.283;0
483.358;0
Mx
483.428;0
483.504;0
Mn
483.578;0
Mx
483.644;0
Mn
483.715;0
Mx
483.792;0
483.863;0
483.94;0
484.008;0
484.083;0
484.154;0
484.232;0
484.299;0
484.373;0
Mn
484.449;0
484.518;0
484.589;0
484.664;0
484.734;0
484.813;0
484.884;0
484.955;0
485.033;0
485.103;0
485.175;0
485.252;0
485.325;0
485.393;0
485.469;0
485.538;0
485.611;0
485.69;0
485.762;0
485.833;0
485.899;0
485.976;0
486.046;0
486.123;0
486.194;0
Mx
486.266;0
486.342;0
486.415;0
486.485;0
486.56;0
486.633;0
486.706;0
486.779;0
486.851;0
486.923;0
487;0
487.069;0
487.147;0
487.217;0
487.287;0
487.358;0
487.433;0
487.508;0
487.583;0
487.652;0
487.723;0
487.8;0
487.875;0
487.953;0
488.021;0
488.088;0
488.159;0
488.234;0
488.31;0
488.38;0
488.454;0
488.529;0
488.601;0
488.671;0
488.745;0
488.819;0
488.89;0
488.966;0
489.045;0
Mn
489.113;0
489.182;0
489.251;0
489.324;0
489.407;0
489.479;0
489.546;0
489.614;0
489.692;0
489.768;0
489.841;0
489.908;0
489.982;0
490.06;0
490.131;0
490.201;0
490.277;0
490.347;0
490.419;0
490.491;0
490.565;0
490.638;0
490.707;0
490.781;0
490.862;0
490.933;0
491.004;0
491.075;0
491.147;0
491.219;0
Mx
491.293;0
491.365;0
491.44;0
491.518;0
491.592;0
491.66;0
491.728;0
491.801;0
491.875;0
491.948;0
492.021;0
492.095;0
492.165;0
492.24;0
492.311;0
492.387;0
492.457;0
492.532;0
492.606;0
492.677;0
492.751;0
492.823;0
492.898;0
492.971;0
493.043;0
493.118;0
493.188;0
493.26;0
493.336;0
493.404;0
493.486;0
493.556;0
493.623;0
493.696;0
493.773;0
493.844;0
493.917;0
493.992;0
494.062;0
494.132;0
494.209;0
Mn
494.282;0
Mx
494.358;0
494.422;0
Mn
494.497;0
494.572;0
494.653;0
494.719;0
Mx
494.789;0
494.862;0
Mn
494.941;0
495.007;0
495.081;0
495.157;0
495.228;0
495.3;0
495.374;0
495.445;0
495.518;0
495.591;0
495.666;0
495.736;0
495.81;0
495.881;0
495.956;0
496.026;0
496.1;0
496.174;0
496.247;0
496.319;0
496.394;0
496.465;0
496.537;0
496.614;0
496.687;0
496.754;0
496.829;0
496.902;0
496.977;0
497.053;0
497.121;0
Mx
497.193;0
497.27;0
497.343;0
497.41;0
497.484;0
497.556;0
497.631;0
497.713;0
497.779;0
497.848;0
497.922;0
498.002;0
498.069;0
498.143;0
498.219;0
498.288;0
498.357;0
498.434;0
498.504;0
498.583;0
498.652;0
498.723;0
498.798;0
498.872;0
498.944;0
499.019;0
499.097;0
499.163;0
499.234;0
499.307;0
499.379;0
499.457;0
499.527;0
499.6;0
Mn
499.678;0
499.743;0
499.816;0
Mx
499.889;0
499.96;0
500.035;0
500.11;0
Mn
500.179;0
500.256;0
500.329;0
500.401;0
500.471;0
500.545;0
500.619;0
500.688;0
500.763;0
500.841;0
500.913;0
500.986;0
501.06;0
501.128;0
501.202;0
501.273;0
501.35;0
501.417;0
501.494;0
501.565;0
501.638;0
501.714;0
501.785;0
501.858;0
501.93;0
502.002;0
502.073;0
502.147;0
502.219;0
502.292;0
Mx
502.369;0
502.439;0
502.519;0
502.595;0
502.657;0
502.735;0
502.804;0
502.874;0
502.952;0
503.022;0
503.093;0
503.162;0
503.235;0
503.315;0
503.386;0
503.456;0
503.531;0
503.607;0
503.677;0
503.75;0
503.818;0
503.896;0
503.974;0
504.037;0
504.116;0
504.186;0
504.256;0
504.333;0
504.408;0
504.478;0
504.55;0
504.627;0
504.695;0
504.767;0
504.841;0
504.914;0
Mn
504.987;0
505.06;0
505.134;0
505.206;0
Mx
505.278;0
505.349;0
505.431;0
505.501;0
505.572;0
505.645;0
505.716;0
Mn
505.79;0
505.865;0
505.935;0
506.017;0
506.079;0
506.152;0
506.225;0
506.297;0
506.371;0
506.453;0
506.525;0
506.593;0
506.664;0
506.734;0
506.816;0
506.886;0
506.96;0
507.031;0
507.1;0
507.178;0
507.247;0
507.318;0
507.394;0
507.465;0
507.539;0
507.613;0
507.684;0
507.76;0
Mx
507.831;0
507.902;0
507.979;0
508.049;0
508.121;0
508.194;0
508.264;0
508.34;0
508.414;0
508.487;0
508.558;0
508.634;0
508.703;0
508.777;0
508.848;0
508.924;0
508.993;0
509.075;0
509.144;0
509.214;0
509.288;0
509.361;0
509.431;0
509.505;0
509.575;0
509.649;0
509.728;0
509.8;0
509.868;0
509.941;0
510.013;0
510.091;0
510.165;0
510.242;0
510.308;0
510.379;0
510.455;0
510.525;0
510.598;0
510.678;0
510.744;0
510.819;0
Mn
510.888;0
510.962;0
511.035;0
511.109;0
511.18;0
511.254;0
511.326;0
511.397;0
511.474;0
511.542;0
511.621;0
511.689;0
511.765;0
511.834;0
511.911;0
511.985;0
512.056;0
512.134;0
512.197;0
512.272;0
512.351;0
512.427;0
512.494;0
512.562;0
512.639;0
512.71;0
512.78;0
512.857;0
512.93;0
513.001;0
513.073;0
513.146;0
513.224;0
513.296;0
Mx
513.367;0
513.436;0
513.511;0
513.582;0
513.657;0
513.727;0
513.802;0
513.874;0
513.947;0
514.024;0
514.096;0
514.168;0
514.243;0
514.313;0
514.387;0
514.459;0
514.531;0
514.602;0
514.675;0
514.75;0
514.822;0
514.901;0
514.97;0
515.046;0
515.115;0
515.195;0
515.261;0
515.335;0
515.405;0
515.484;0
Mn
515.554;0
Mx
515.63;0
515.703;0
515.77;0
515.844;0
515.915;0
515.989;0
516.065;0
516.133;0
516.207;0
516.278;0
516.355;0
516.427;0
Mn
516.504;0
516.574;0
516.643;0
516.714;0
516.786;0
516.862;0
516.937;0
517.006;0
517.081;0
517.162;0
517.232;0
517.299;0
517.374;0
517.444;0
517.516;0
517.603;0
517.668;0
517.74;0
517.812;0
517.891;0
517.958;0
518.035;0
518.108;0
518.172;0
518.248;0
518.322;0
518.392;0
518.463;0
518.54;0
Mx
518.612;0
518.683;0
518.756;0
518.832;0
518.904;0
518.978;0
519.053;0
519.125;0
519.194;0
519.267;0
519.345;0
519.417;0
519.487;0
519.557;0
519.631;0
519.705;0
519.779;0
519.857;0
519.925;0
520;0
520.07;0
520.14;0
520.217;0
520.288;0
520.36;0
520.432;0
520.503;0
520.579;0
520.65;0
Mn
520.722;0
Mx
520.797;0
520.874;0
520.94;0
521.014;0
521.089;0
521.161;0
521.232;0
521.304;0
521.378;0
521.453;0
521.523;0
521.601;0
521.67;0
Mn
521.745;0
521.815;0
521.888;0
521.965;0
522.041;0
522.109;0
522.184;0
522.259;0
522.325;0
522.404;0
522.472;0
522.544;0
522.618;0
522.688;0
522.764;0
522.832;0
522.911;0
522.981;0
523.055;0
523.13;0
523.2;0
523.27;0
523.347;0
523.42;0
523.493;0
523.565;0
523.64;0
Mx
523.71;0
523.783;0
523.856;0
523.923;0
524.002;0
524.074;0
524.144;0
524.222;0
524.294;0
524.365;0
524.44;0
524.51;0
524.588;0
524.66;0
524.732;0
524.802;0
524.872;0
524.947;0
525.02;0
525.093;0
525.167;0
525.244;0
525.311;0
525.39;0
525.456;0
525.535;0
525.608;0
525.677;0
525.752;0
525.824;0
525.893;0
525.966;0
526.039;0
526.111;0
526.192;0
526.26;0
Mn
526.334;0
Mx
526.412;0
526.481;0
526.551;0
526.625;0
526.699;0
Mn
526.772;0
526.845;0
526.918;0
526.987;0
527.061;0
527.13;0
527.204;0
527.28;0
527.358;0
527.432;0
527.505;0
527.571;0
527.648;0
527.72;0
527.791;0
527.86;0
527.935;0
528.006;0
528.082;0
528.151;0
528.225;0
528.302;0
528.373;0
528.445;0
528.521;0
528.591;0
528.666;0
528.735;0
528.821;0
528.886;0
528.961;0
529.029;0
529.101;0
529.175;0
Mx
529.247;0
529.32;0
529.393;0
529.471;0
529.538;0
529.616;0
529.688;0
529.756;0
529.835;0
529.9;0
529.975;0
530.049;0
530.127;0
530.196;0
530.268;0
530.337;0
530.412;0
530.489;0
530.557;0
530.634;0
530.698;0
530.777;0
530.849;0
530.922;0
530.997;0
531.067;0
531.142;0
531.214;0
531.282;0
531.357;0
531.435;0
531.505;0
531.578;0
531.65;0
531.724;0
531.798;0
531.867;0
531.939;0
532.012;0
532.084;0
532.16;0
Mn
532.232;0
Mx
532.305;0
532.377;0
Mn
532.452;0
532.529;0
532.6;0
532.671;0
532.75;0
Mx
532.816;0
532.894;0
Mn
532.966;0
533.034;0
533.108;0
533.187;0
533.254;0
533.329;0
533.4;0
533.47;0
533.549;0
533.616;0
533.689;0
533.762;0
533.834;0
533.909;0
533.981;0
534.052;0
534.13;0
534.2;0
534.278;0
534.346;0
534.423;0
534.501;0
534.563;0
534.638;0
534.708;0
534.783;0
534.853;0
534.926;0
535.001;0
535.077;0
535.15;0
Mx
535.218;0
535.296;0
535.369;0
535.44;0
535.518;0
535.587;0
535.656;0
535.728;0
535.808;0
535.876;0
535.947;0
536.02;0
536.092;0
536.169;0
536.239;0
536.311;0
536.386;0
536.462;0
536.529;0
536.608;0
536.68;0
536.753;0
536.826;0
536.901;0
536.969;0
537.044;0
537.115;0
537.19;0
537.262;0
537.33;0
537.405;0
537.477;0
537.55;0
537.622;0
537.697;0
537.769;0
537.843;0
537.917;0
Mn
537.987;0
538.06;0
538.133;0
Mx
538.204;0
538.279;0
538.35;0
538.427;0
538.503;0
538.573;0
538.643;0
538.715;0
538.791;0
538.862;0
538.936;0
Mn
539.011;0
539.084;0
539.157;0
539.231;0
539.298;0
539.371;0
539.447;0
539.522;0
539.591;0
539.665;0
539.738;0
539.812;0
539.878;0
539.953;0
540.026;0
540.101;0
540.172;0
540.247;0
540.322;0
540.393;0
540.465;0
540.536;0
540.61;0
540.683;0
540.76;0
540.834;0
540.9;0
Mx
540.974;0
541.05;0
541.119;0
541.192;0
541.266;0
541.338;0
541.414;0
541.487;0
541.556;0
541.63;0
541.703;0
541.774;0
541.846;0
541.921;0
541.994;0
542.069;0
542.142;0
542.211;0
542.294;0
542.36;0
542.43;0
542.505;0
542.582;0
542.649;0
542.732;0
542.8;0
542.869;0
542.941;0
543.019;0
Mn
543.088;0
543.16;0
543.239;0
543.307;0
543.385;0
543.452;0
543.524;0
543.591;0
543.67;0
543.745;0
543.821;0
543.892;0
543.965;0
544.034;0
544.108;0
544.181;0
Mx
544.253;0
544.327;0
544.398;0
544.47;0
544.548;0
544.619;0
544.692;0
544.765;0
544.835;0
544.91;0
544.986;0
545.053;0
545.126;0
545.2;0
545.271;0
545.347;0
545.413;0
545.492;0
545.564;0
545.635;0
545.708;0
545.779;0
545.861;0
545.928;0
545.999;0
546.073;0
546.144;0
546.226;0
546.296;0
546.366;0
546.442;0
546.512;0
546.586;0
546.661;0
546.728;0
546.802;0
546.877;0
546.949;0
547.022;0
547.092;0
547.167;0
547.238;0
547.315;0
547.385;0
547.456;0
tMax1.8921e+06ns;tMean361964ns;tMean