2021_11_30_Sarah_RespSignal_20211130_171956_clean.csv;0;75
126.33
126.401
126.47
126.551
126.618
fc0.33fs14.0845a0.136663
126.69
126.771
126.84
126.911
126.988
127.056
127.128
127.202
127.273
127.349
127.422
127.497
127.564
127.636
127.712
127.792
127.857
127.929
128.001
128.074
128.149
128.218
128.296
128.373
128.446
128.519
128.591
128.658
128.733
128.805
128.875
128.953
129.023
129.095
129.168
129.242
129.312
129.389
129.462
129.529
129.605
129.678
129.748
129.828
129.902
129.972
130.045
130.117
130.185
130.259
130.331
130.405
130.479
130.552
130.629
130.702
130.773
130.844
130.919
130.99
131.065
131.139
131.21
131.276
131.353
131.429
131.502
131.575
131.648
131.719
131.795
131.865
131.935
132.011
132.083
132.152
132.23
132.303
132.371
132.443
132.518
132.592
132.667
132.735
132.81
132.884
132.955
133.034
133.103
133.179
133.251
133.319
133.397
133.466
133.536
133.612
133.684
133.76
133.831
133.908
133.982
134.047
134.119
134.194
134.268
134.344
134.415
134.488
134.559
134.637
134.71
134.782
134.862
134.921
134.996
135.071
135.144
135.215
135.299
135.364
135.431
135.508
135.582
PRS:130.479;132.371;133.831;0.491839
Mn
135.651;7
135.729;8
135.798;8
135.867;8
135.945;8
136.019;8
136.089;9
136.168;9
136.241;9
136.308;9
136.378;10
136.45;10
136.527;10
136.601;10
136.67;10
136.747;1
136.816;1
136.889;1
vMx
136.962;3
137.036;3
137.113;3
137.181;3
137.26;4
137.332;4
137.402;4
137.473;4
137.545;5
137.619;5
137.694;5
137.768;5
137.835;6
137.914;6
137.989;6
138.056;6
138.128;7
138.199;7
138.273;7
138.35;7
138.425;8
138.498;8
Mn
138.568;8
138.641;8
138.709;8
138.79;9
138.858;9
138.932;9
FA
139.001;0
139.074;0
139.142;0
139.221;0
139.295;0
139.368;0
139.438;0
139.515;0
139.584;0
139.66;0
139.732;0
139.807;0
139.874;0
vMx
139.95;3
140.022;3
140.098;3
140.166;3
140.241;4
140.311;4
140.388;4
140.462;4
140.533;5
140.607;5
140.676;5
140.75;5
140.826;6
140.9;6
140.968;6
141.043;6
141.112;7
141.192;7
141.26;7
141.333;7
141.407;7
141.482;8
141.554;8
Mn
141.623;8
141.704;8
141.769;9
141.842;9
141.915;9
141.989;9
FA
142.062;0
142.134;0
142.21;0
142.281;0
142.353;0
142.423;0
142.499;0
142.573;0
142.645;0
142.723;0
142.796;0
142.861;0
142.943;0
143.011;0
143.083;0
vMx
143.159;2
143.229;3
143.298;3
143.376;3
143.446;3
143.518;4
143.594;4
143.669;4
143.741;4
143.811;5
143.88;5
143.951;5
144.027;5
144.1;5
144.178;6
144.249;6
144.318;6
144.392;6
144.466;7
144.542;7
144.612;7
144.683;7
144.76;7
Mn
144.829;8
144.903;8
144.975;8
145.047;8
145.12;9
145.195;9
145.267;9
145.34;9
145.412;10
145.486;10
145.558;10
145.631;10
145.705;10
145.782;1
145.852;1
145.924;1
145.996;1
146.073;2
146.142;2
vMx
146.216;3
146.288;3
146.363;3
146.43;3
146.504;4
146.576;4
146.655;4
146.724;4
146.794;4
146.877;5
146.949;5
147.019;5
147.092;5
147.162;6
147.236;6
147.306;6
147.382;6
147.455;7
147.53;7
147.598;7
147.668;7
147.744;8
147.819;8
147.89;8
Mn
147.964;8
148.036;9
148.106;9
148.18;9
148.256;9
148.323;9
148.396;10
148.471;10
148.543;10
148.619;10
148.691;1
148.762;1
148.839;1
148.911;1
148.98;2
149.059;2
149.135;2
149.201;2
149.271;3
149.344;3
vMx
149.416;2
149.491;3
149.567;3
149.64;3
149.715;3
149.786;4
149.856;4
149.929;4
150;4
150.077;5
150.151;5
150.221;5
150.298;5
150.368;5
150.442;6
150.513;6
150.583;6
150.66;6
150.733;7
150.807;7
150.878;7
150.954;7
Mn
151.028;8
151.104;8
151.166;8
151.241;8
151.314;8
151.386;9
151.457;9
151.535;9
151.604;9
151.682;10
151.756;10
151.821;10
151.895;10
151.967;10
152.04;1
152.113;1
152.19;1
152.258;1
152.338;2
vMx
152.408;3
152.477;3
152.55;3
152.623;3
152.703;4
152.774;4
152.844;4
152.917;4
152.986;5
153.06;5
153.131;5
153.21;5
153.283;6
153.356;6
153.43;6
153.503;6
153.575;7
153.654;7
153.716;7
153.784;7
153.863;8
153.94;8
154.01;8
Mn
154.086;8
154.156;9
FA
154.226;0
154.304;0
154.373;0
154.451;0
154.522;0
154.592;0
154.665;0
154.74;0
154.812;0
154.884;0
154.956;0
155.026;0
155.103;0
155.177;0
155.245;0
155.319;0
155.394;0
155.46;0
155.536;0
155.616;0
vMx
155.682;2
155.759;3
155.827;3
155.904;3
155.978;3
156.049;4
156.123;4
156.196;4
156.27;4
156.341;4
156.41;5
156.489;5
156.559;5
156.636;5
156.708;6
156.78;6
156.849;6
156.923;6
156.995;6
157.072;7
157.144;7
157.214;7
Mn
157.287;7
157.36;8
157.432;8
157.508;8
157.577;8
157.656;8
157.726;9
157.797;9
157.87;9
157.942;9
158.015;10
158.088;10
158.162;10
158.236;10
158.308;10
158.38;1
158.453;1
158.534;1
158.606;1
158.671;2
vMx
158.746;3
158.815;3
158.891;3
158.966;3
159.043;4
159.119;4
159.189;4
159.257;4
159.328;4
159.401;5
159.473;5
159.548;5
159.62;5
159.689;6
159.767;6
159.841;6
159.911;6
159.99;7
160.053;7
160.133;7
160.202;7
160.277;8
160.35;8
160.424;8
160.493;8
160.565;8
FA
160.637;0
Mn
160.713;0
160.784;0
160.857;0
160.931;0
161;0
161.074;0
161.151;0
161.218;0
161.297;0
161.369;0
161.436;0
161.515;0
161.59;0
161.658;0
161.733;0
161.807;0
161.872;0
161.957;0
162.027;0
vMx
162.099;2
162.171;3
162.245;3
162.311;3
162.392;3
162.463;3
162.529;4
162.607;4
162.679;4
162.75;4
162.82;5
162.897;5
162.971;5
163.045;5
163.113;5
163.187;6
163.263;6
163.335;6
163.406;6
163.476;7
163.551;7
163.627;7
163.707;7
163.783;7
Mn
163.851;8
163.915;8
163.992;8
164.063;8
164.137;8
164.214;9
164.278;9
164.36;9
164.424;9
164.499;10
164.577;10
164.646;10
164.719;10
164.786;10
164.865;1
164.936;1
165.009;1
165.086;1
165.151;1
165.229;2
vMx
165.306;3
165.374;3
165.451;3
165.521;3
165.593;3
165.668;4
165.74;4
165.809;4
165.89;4
165.964;5
166.03;5
166.103;5
166.175;5
166.246;5
166.321;6
166.39;6
166.465;6
166.538;6
166.611;7
166.686;7
166.757;7
166.833;7
166.903;8
166.978;8
167.052;8
Mn
167.123;8
167.195;8
167.267;9
167.344;9
167.411;9
167.501;9
167.564;10
167.641;10
167.703;10
167.774;10
167.851;10
167.923;1
168;1
168.066;1
168.141;1
168.216;2
168.292;2
168.363;2
168.433;2
vMx
168.508;2
168.589;3
168.655;3
168.732;3
168.798;3
168.874;4
168.95;4
169.015;4
169.088;4
169.163;5
169.235;5
169.305;5
169.383;5
169.455;5
169.531;6
169.602;6
169.673;6
169.74;6
169.819;7
169.891;7
169.96;7
170.034;7
170.118;7
170.182;8
170.26;8
170.332;8
Mn
170.395;8
170.474;9
170.55;9
170.618;9
170.694;9
170.764;10
170.835;10
170.911;10
170.986;10
171.053;10
171.13;1
171.201;1
171.275;1
171.348;1
171.424;2
171.491;2
171.565;2
171.647;2
vMx
171.709;2
171.792;3
171.86;3
171.926;3
172.006;3
172.075;4
172.147;4
172.226;4
172.294;4
172.368;5
172.437;5
172.515;5
172.585;5
172.657;5
172.736;6
172.805;6
172.878;6
172.949;6
173.027;7
173.096;7
173.171;7
173.242;7
173.312;7
173.386;8
Mn
173.46;8
173.53;8
173.612;8
173.677;9
173.749;9
173.829;9
173.899;9
173.971;10
174.047;10
174.116;10
174.188;10
174.261;10
174.335;1
174.412;1
174.479;1
174.552;1
174.625;2
174.701;2
174.768;2
vMx
174.841;3
174.921;3
174.994;3
175.067;3
175.142;3
175.208;4
175.277;4
175.354;4
175.42;4
175.5;5
175.571;5
175.644;5
175.716;5
175.792;6
175.866;6
175.935;6
176.008;6
176.082;6
176.155;7
176.23;7
176.298;7
176.372;7
176.448;8
176.517;8
Mn
176.592;8
176.665;8
176.738;9
176.811;9
176.882;9
FA
176.955;0
177.032;0
177.101;0
177.176;0
177.249;0
177.321;0
177.391;0
177.471;0
177.539;0
177.613;0
177.685;0
177.755;0
177.83;0
177.906;0
177.98;0
178.044;0
vMx
178.13;2
178.202;3
178.265;3
178.34;3
178.419;3
178.482;4
178.563;4
178.632;4
178.705;4
178.779;4
178.848;5
178.928;5
179;5
179.074;5
179.136;6
179.226;6
179.284;6
179.361;6
179.432;6
179.505;7
179.58;7
179.653;7
179.722;7
179.794;8
179.87;8
Mn
179.941;8
180.017;8
180.084;8
180.161;9
180.231;9
180.305;9
180.383;9
180.456;10
180.526;10
180.599;10
180.668;10
180.745;10
180.815;1
180.886;1
180.965;1
181.039;1
181.111;2
181.182;2
181.257;2
vMx
181.328;2
181.399;3
181.472;3
181.542;3
181.616;3
181.691;4
181.766;4
181.843;4
181.916;4
181.99;5
182.059;5
182.126;5
182.195;5
182.269;5
182.349;6
182.419;6
182.494;6
182.567;6
182.633;7
182.712;7
182.782;7
182.855;7
182.931;7
183.004;8
183.074;8
FA
183.151;0
183.219;0
Mn
183.293;0
183.367;0
183.441;0
183.512;0
183.589;0
183.662;0
183.73;0
183.805;0
183.881;0
183.951;0
184.021;0
184.1;0
184.167;0
184.241;0
184.317;0
184.383;0
184.458;0
184.531;0
184.603;0
184.687;0
vMx
184.761;2
184.821;3
184.897;3
184.968;3
185.039;3
185.116;3
185.191;4
185.259;4
185.334;4
185.412;4
185.475;4
185.559;5
185.63;5
185.699;5
185.776;5
185.852;6
185.916;6
185.991;6
186.064;6
186.133;6
186.206;7
186.283;7
186.353;7
186.431;7
186.498;7
186.569;8
186.647;8
186.717;8
186.788;8
Mn
186.868;9
186.935;9
187.013;9
187.085;9
FA
187.155;0
187.234;0
187.311;0
187.373;0
187.444;0
187.526;0
187.592;0
187.669;0
187.739;0
187.814;0
187.884;0
187.955;0
188.031;0
188.098;0
188.177;0
vMx
188.247;2
188.32;3
188.396;3
188.467;3
188.536;3
188.613;3
188.687;4
188.759;4
188.829;4
188.908;4
188.978;4
189.053;5
189.125;5
189.192;5
189.268;5
189.342;5
189.417;6
189.486;6
189.562;6
189.628;6
189.708;7
189.779;7
189.851;7
189.928;7
189.997;7
Mn
190.071;8
190.142;8
190.221;8
190.286;8
190.366;8
190.439;9
190.507;9
190.576;9
190.653;9
190.722;9
190.798;10
190.872;10
190.942;10
191.013;10
191.09;10
191.162;1
191.235;1
191.309;1
191.379;1
191.453;2
191.525;2
191.596;2
191.668;2
vMx
191.746;2
191.817;3
191.892;3
191.963;3
192.03;3
192.109;3
192.181;4
192.251;4
192.324;4
192.4;4
192.472;4
192.548;5
192.612;5
192.69;5
192.761;5
192.836;5
192.911;6
192.986;6
193.057;6
193.127;6
193.202;6
193.274;7
193.345;7
193.417;7
193.492;7
193.566;8
Mn
193.642;8
193.712;8
193.782;8
193.856;8
193.927;9
194;9
194.075;9
194.146;9
194.219;9
194.292;10
194.367;10
194.439;10
194.511;10
194.586;10
194.657;1
194.735;1
194.805;1
194.877;1
194.95;1
195.021;2
195.095;2
195.166;2
195.244;2
vMx
195.311;2
195.388;2
195.461;3
195.53;3
195.609;3
195.679;3
195.747;4
195.817;4
195.896;4
195.971;4
196.043;4
196.117;5
196.189;5
196.261;5
196.337;5
196.413;5
196.479;6
196.556;6
196.625;6
196.699;6
196.767;6
196.841;7
196.913;7
196.989;7
197.063;7
197.129;7
197.207;8
197.281;8
197.353;8
197.425;8
Mn
197.498;8
197.571;9
197.646;9
197.716;9
197.788;9
FA
197.862;0
197.939;0
198.004;0
198.081;0
198.158;0
198.234;0
198.301;0
198.371;0
198.444;0
198.52;0
198.59;0
198.667;0
198.738;0
198.811;0
198.883;0
vMx
198.959;2
199.025;2
199.102;3
199.174;3
199.244;3
199.318;3
199.397;3
199.465;4
199.539;4
199.608;4
199.68;4
199.756;4
199.833;5
199.902;5
199.979;5
200.051;5
200.117;5
200.196;6
200.269;6
200.341;6
200.414;6
200.484;6
200.56;7
200.629;7
200.702;7
200.776;7
200.852;7
200.921;8
200.993;8
201.069;8
201.14;8
Mn
201.21;8
201.284;9
201.359;9
201.433;9
201.504;9
201.582;9
201.654;10
201.729;10
201.798;10
201.867;10
201.943;10
202.014;1
202.087;1
202.16;1
202.23;1
202.305;1
202.376;2
202.452;2
202.524;2
202.599;2
FA
202.673;0
vMx
202.745;2
202.816;2
202.893;3
202.96;3
203.037;3
203.111;3
203.178;3
203.254;4
203.332;4
203.398;4
203.474;4
203.546;4
203.616;4
203.691;5
203.763;5
203.836;5
203.91;5
203.98;5
204.051;6
204.134;6
204.205;6
204.272;6
204.349;6
204.422;7
204.496;7
204.571;7
204.643;7
204.709;7
204.781;8
204.856;8
Mn
204.928;8
205.001;8
205.074;8
205.149;9
205.221;9
205.294;9
205.363;9
205.44;9
205.515;9
205.588;10
205.657;10
205.728;10
205.797;10
205.876;10
205.949;1
206.018;1
206.092;1
206.172;1
206.242;1
206.313;2
vMx
206.39;2
206.461;2
206.536;3
206.61;3
206.675;3
206.757;3
206.827;3
206.894;4
206.97;4
207.042;4
207.12;4
207.192;4
207.269;5
207.341;5
207.407;5
207.487;5
207.558;5
207.625;6
207.697;6
207.77;6
207.842;6
207.922;6
207.988;7
208.061;7
208.132;7
208.205;7
208.281;7
Mn
208.353;8
208.422;8
208.504;8
208.571;8
FA
208.646;0
208.715;0
208.792;0
208.865;0
208.938;0
209.01;0
209.08;0
209.153;0
209.226;0
209.3;0
209.372;0
209.445;0
209.519;0
209.598;0
209.661;0
vMx
209.736;2
209.814;3
209.886;3
209.956;3
210.026;3
210.099;3
210.17;4
210.246;4
210.319;4
210.391;4
210.473;5
210.534;5
210.612;5
210.685;5
210.757;5
210.828;6
210.907;6
210.979;6
211.044;6
211.119;6
211.191;7
211.27;7
211.341;7
211.414;7
211.482;8
211.561;8
211.64;8
Mn
211.703;8
211.787;8
211.851;9
211.924;9
211.995;9
212.068;9
212.142;10
212.216;10
212.29;10
212.361;10
212.436;10
212.505;1
212.577;1
212.652;1
212.725;1
212.797;1
212.867;2
212.94;2
213.013;2
vMx
213.088;2
213.166;3
213.231;3
213.308;3
213.378;3
213.452;4
213.524;4
213.597;4
213.671;4
213.743;4
213.819;5
213.888;5
213.96;5
214.036;5
214.109;5
214.184;6
214.255;6
214.329;6
214.4;6
214.479;7
214.544;7
214.619;7
214.695;7
214.761;7
214.841;8
214.911;8
214.982;8
215.056;8
215.127;9
Mn
215.204;9
FA
215.27;0
215.346;0
215.416;0
215.495;0
215.571;0
215.636;0
215.711;0
215.785;0
215.853;0
215.93;0
216.001;0
216.074;0
216.147;0
216.218;0
216.294;0
216.367;0
216.446;0
216.514;0
216.584;0
vMx
216.661;2
216.726;2
216.799;3
216.875;3
216.949;3
217.019;3
217.092;3
217.166;4
217.241;4
217.312;4
217.389;4
217.458;5
217.531;5
217.604;5
217.676;5
217.752;5
217.823;6
217.898;6
217.966;6
218.039;6
218.119;6
218.189;7
218.262;7
218.342;7
218.408;7
218.482;7
218.554;8
218.626;8
Mn
218.697;8
218.769;8
218.841;8
218.914;9
218.986;9
219.061;9
219.132;9
219.214;9
219.285;10
219.35;10
219.428;10
219.497;10
219.572;10
219.643;1
219.715;1
219.789;1
219.864;1
219.937;1
220.003;2
vMx
220.08;2
220.153;3
220.226;3
220.302;3
220.372;3
220.445;3
220.518;4
220.589;4
220.666;4
220.741;4
220.809;4
220.882;5
220.962;5
221.035;5
221.097;5
221.178;6
221.247;6
221.315;6
221.389;6
221.465;6
221.536;7
221.611;7
221.685;7
221.758;7
Mn
221.832;7
221.902;8
221.973;8
222.051;8
222.121;8
222.19;9
222.275;9
222.336;9
222.41;9
222.484;9
222.557;10
222.634;10
222.702;10
222.777;10
222.848;10
222.921;1
223.001;1
223.071;1
223.14;1
223.215;2
223.286;2
223.36;2
223.432;2
vMx
223.504;2
223.583;3
223.65;3
223.723;3
223.801;3
223.867;3
223.942;4
224.015;4
224.087;4
224.167;4
224.235;4
224.308;5
224.38;5
224.454;5
224.527;5
224.6;6
224.672;6
224.747;6
224.818;6
224.887;6
224.961;7
225.034;7
225.104;7
225.179;7
225.255;7
225.324;8
225.399;8
Mn
225.467;8
225.552;8
225.622;9
225.685;9
225.761;9
225.835;9
FA
225.907;0
225.982;0
226.055;0
226.13;0
226.2;0
226.277;0
226.344;0
226.419;0
226.497;0
226.564;0
226.639;0
226.708;0
226.784;0
226.855;0
226.926;0
227;0
vMx
227.072;2
227.146;2
227.228;3
227.297;3
227.371;3
227.436;3
227.514;4
227.586;4
227.657;4
227.733;4
227.802;4
227.873;5
227.951;5
228.028;5
228.094;5
228.168;5
228.244;6
228.316;6
228.386;6
228.456;6
228.531;6
228.613;7
228.676;7
228.749;7
228.826;7
228.897;7
228.964;8
229.044;8
Mn
229.116;8
229.187;8
229.259;8
229.334;9
229.402;9
229.476;9
229.55;9
229.62;9
229.696;10
229.772;10
229.846;10
229.923;10
229.993;10
230.06;1
230.136;1
230.207;1
230.279;1
230.347;1
230.424;2
230.498;2
vMx
230.572;2
230.643;3
230.718;3
230.79;3
230.863;3
230.933;3
231.009;4
231.077;4
231.154;4
231.226;4
231.305;4
231.373;5
231.448;5
231.52;5
231.592;5
231.661;5
231.735;6
231.807;6
231.883;6
231.956;6
232.028;6
232.103;7
232.172;7
232.241;7
232.329;7
232.399;8
232.462;8
232.544;8
232.613;8
232.681;8
232.754;9
Mn
FA
232.832;0
232.9;0
232.979;0
233.048;0
233.123;0
233.192;0
233.268;0
233.336;0
233.411;0
233.484;0
233.555;0
233.634;0
233.703;0
233.776;0
233.854;0
233.927;0
233.992;0
234.066;0
234.143;0
234.213;0
vMx
234.288;2
234.362;2
234.433;3
234.507;3
234.581;3
234.655;3
234.724;3
234.798;4
234.866;4
234.944;4
235.017;4
235.085;4
235.164;5
235.235;5
235.308;5
235.379;5
235.454;5
235.529;6
235.604;6
235.677;6
235.745;6
235.822;6
235.893;7
235.959;7
236.039;7
Mn
236.112;7
236.181;7
236.252;7
236.324;8
FA
236.397;0
236.472;0
236.544;0
236.615;0
236.69;0
236.763;0
236.831;0
236.907;0
236.984;0
237.059;0
237.127;0
237.2;0
237.272;0
237.352;0
237.417;0
237.492;0
vMx
237.566;2
237.64;3
237.71;3
237.78;3
237.86;3
237.925;4
238.003;4
238.075;4
238.151;4
238.223;4
238.295;5
238.366;5
238.44;5
238.513;5
238.582;6
238.658;6
238.731;6
238.8;6
238.875;6
238.951;7
239.021;7
239.098;7
239.174;7
239.238;8
239.312;8
239.381;8
Mn
239.454;8
239.531;8
239.605;9
239.68;9
239.748;9
239.826;9
239.896;10
239.97;10
240.044;10
240.113;10
240.191;10
240.26;1
240.336;1
240.406;1
240.481;1
240.551;2
240.63;2
240.695;2
240.766;2
240.842;2
240.916;3
vMx
240.986;2
241.063;3
241.136;3
241.212;3
241.277;3
241.353;3
241.421;4
241.501;4
241.574;4
241.643;4
241.719;4
241.787;5
241.862;5
241.94;5
242.008;5
242.08;6
242.151;6
242.227;6
242.299;6
242.375;6
242.443;7
242.514;7
242.592;7
242.664;7
242.736;7
242.807;8
242.882;8
Mn
242.959;8
243.038;8
243.11;9
243.176;9
243.252;9
243.324;9
243.391;9
243.464;10
243.538;10
243.608;10
243.684;10
243.756;10
243.826;1
243.902;1
243.976;1
244.045;1
244.118;2
244.195;2
244.267;2
244.338;2
244.411;2
vMx
244.482;2
244.557;3
244.628;3
244.703;3
244.774;3
244.851;3
244.921;4
244.994;4
245.066;4
245.14;4
245.214;4
245.284;5
245.358;5
245.431;5
245.505;5
245.578;5
245.653;6
245.721;6
245.794;6
245.867;6
245.943;6
246.015;7
246.089;7
246.164;7
246.235;7
246.309;8
246.378;8
Mn
246.451;8
246.525;8
246.599;8
246.67;9
246.74;9
246.821;9
246.886;9
246.961;9
247.035;10
247.104;10
247.18;10
247.254;10
247.322;10
247.398;1
247.469;1
247.545;1
247.616;1
247.691;1
247.758;2
247.837;2
247.912;2
vMx
247.986;2
248.054;3
248.13;3
248.197;3
248.273;3
248.345;3
248.416;4
248.491;4
248.562;4
248.635;4
248.713;4
248.783;5
248.859;5
248.937;5
249.007;5
249.073;5
249.148;6
249.22;6
249.286;6
249.365;6
249.438;6
249.511;7
249.583;7
249.661;7
249.733;7
249.8;8
249.88;8
Mn
249.95;8
250.022;8
250.097;8
250.165;9
250.24;9
250.31;9
250.383;9
250.458;9
250.529;10
250.598;10
250.68;10
250.758;10
250.82;10
250.899;1
250.966;1
251.041;1
251.12;1
251.193;1
251.261;2
251.338;2
251.408;2
vMx
251.48;2
251.559;3
251.628;3
251.697;3
251.769;3
251.843;3
251.912;4
251.986;4
252.063;4
252.131;4
252.205;4
252.279;5
252.352;5
252.425;5
252.498;5
252.567;5
252.642;6
252.716;6
252.789;6
252.864;6
252.932;6
253.006;7
253.084;7
253.154;7
253.223;7
253.297;8
253.371;8
253.447;8
Mn
253.521;8
253.59;8
253.662;9
253.734;9
253.81;9
253.881;9
253.955;9
254.029;10
254.101;10
254.173;10
254.249;10
254.319;10
254.392;1
254.467;1
254.539;1
254.612;1
254.691;1
254.76;2
254.831;2
254.9;2
vMx
254.972;2
255.049;3
255.118;3
255.192;3
255.267;3
255.341;3
255.41;4
255.49;4
255.561;4
255.627;4
255.706;4
255.775;5
255.849;5
255.922;5
255.994;5
256.068;5
256.145;6
256.214;6
256.286;6
256.359;6
256.433;6
256.504;7
256.574;7
256.651;7
256.723;7
256.796;8
256.87;8
256.936;8
257.011;8
Mn
257.088;8
257.164;9
257.24;9
257.308;9
257.377;9
257.454;9
257.528;10
257.596;10
257.665;10
257.742;10
257.816;10
257.889;1
257.962;1
258.034;1
258.106;1
258.18;1
258.254;2
258.325;2
258.404;2
258.47;2
vMx
258.548;2
258.618;2
258.688;3
258.771;3
258.843;3
258.913;3
258.985;4
259.055;4
259.121;4
259.205;4
259.275;4
259.341;4
259.414;5
259.497;5
259.563;5
259.634;5
259.715;6
259.784;6
259.856;6
259.927;6
260;6
260.077;7
260.147;7
260.218;7
260.294;7
260.365;7
260.435;8
260.51;8
260.585;8
260.658;8
260.73;8
Mn
260.803;9
FA
260.876;0
260.951;0
261.024;0
261.094;0
261.167;0
261.241;0
261.317;0
261.389;0
261.461;0
261.532;0
261.604;0
261.681;0
261.746;0
261.827;0
261.898;0
261.968;0
262.041;0
262.116;0
262.188;0
262.256;0
vMx
262.333;2
262.404;2
262.48;3
262.55;3
262.625;3
262.696;3
262.771;3
262.845;4
262.916;4
262.986;4
263.058;4
263.134;4
263.205;4
263.277;5
263.359;5
263.429;5
263.495;5
263.571;5
263.644;6
263.715;6
263.789;6
263.861;6
263.935;6
264.007;7
264.085;7
264.152;7
264.226;7
264.299;7
Mn
264.37;8
264.449;8
264.517;8
264.59;8
264.661;8
264.734;9
264.809;9
264.885;9
264.954;9
265.028;9
265.102;10
265.174;10
265.241;10
265.319;10
265.388;10
265.464;10
265.536;1
265.612;1
265.681;1
265.759;1
265.827;1
265.9;2
265.975;2
266.052;2
266.114;2
vMx
266.195;2
266.272;2
266.343;3
266.419;3
266.49;3
266.559;3
266.633;3
266.705;3
266.776;4
266.848;4
266.919;4
266.994;4
267.068;4
267.14;5
267.208;5
267.283;5
267.358;5
267.428;5
267.507;6
267.575;6
267.651;6
267.724;6
267.798;6
267.867;6
267.942;7
268.012;7
268.085;7
268.159;7
268.233;7
Mn
268.306;8
268.38;8
268.451;8
268.521;8
268.599;8
268.668;9
268.741;9
268.814;9
268.886;9
268.961;9
269.033;9
269.107;10
269.18;10
269.252;10
269.325;10
269.397;10
269.474;1
269.544;1
269.615;1
269.691;1
269.766;1
vMx
269.838;2
269.906;2
269.979;3
270.054;3
270.124;3
270.197;3
270.274;3
270.353;4
270.42;4
270.491;4
270.561;4
270.635;4
270.71;5
270.78;5
270.852;5
270.928;5
271.008;5
271.071;6
271.143;6
271.216;6
271.293;6
271.363;6
271.434;7
271.511;7
271.58;7
271.66;7
271.73;7
271.802;8
Mn
271.875;8
271.949;8
272.019;8
272.092;8
272.175;9
272.24;9
272.314;9
272.391;9
272.452;9
272.529;10
272.607;10
272.674;10
272.749;10
272.822;10
272.898;1
272.973;1
273.045;1
273.114;1
273.188;1
273.259;2
273.331;2
vMx
273.411;2
273.477;2
273.547;3
273.626;3
273.697;3
273.771;3
273.842;4
273.915;4
273.987;4
274.061;4
274.135;4
274.205;5
274.276;5
274.352;5
274.425;5
274.502;5
274.57;6
274.641;6
274.714;6
274.788;6
274.861;6
274.943;7
275.014;7
275.079;7
275.155;7
275.226;7
275.296;8
275.372;8
275.446;8
275.515;8
Mn
275.593;8
275.666;9
275.735;9
275.81;9
275.889;9
FA
275.955;0
276.028;0
276.103;0
276.173;0
276.244;0
276.324;0
276.39;0
276.471;0
276.539;0
276.614;0
276.687;0
276.76;0
276.83;0
276.906;0
276.976;0
277.049;0
277.119;0
vMx
277.194;2
277.274;2
277.345;3
277.413;3
277.489;3
277.559;3
277.63;3
277.711;4
277.776;4
277.857;4
277.922;4
277.994;4
278.064;4
278.139;5
278.214;5
278.284;5
278.356;5
278.433;5
278.506;6
278.574;6
278.648;6
278.721;6
278.791;6
278.864;7
278.94;7
279.014;7
279.085;7
279.162;7
279.232;8
Mn
279.31;8
279.379;8
279.448;8
279.527;8
279.6;9
279.67;9
279.742;9
279.815;9
279.886;9
279.964;9
280.036;10
280.107;10
280.178;10
280.255;10
280.324;10
280.408;1
280.472;1
280.546;1
280.618;1
280.693;1
280.759;2
280.833;2
280.908;2
vMx
280.976;2
281.054;2
281.132;3
281.199;3
281.27;3
281.347;3
281.422;3
281.494;4
281.566;4
281.637;4
281.714;4
281.781;4
281.852;4
281.94;5
282.005;5
282.075;5
282.145;5
282.218;5
282.294;6
282.365;6
282.442;6
282.511;6
282.585;6
282.658;7
282.734;7
282.802;7
282.873;7
Mn
282.941;7
283.018;8
283.095;8
283.168;8
283.248;8
283.312;8
283.383;9
283.465;9
283.535;9
283.605;9
283.678;9
283.753;10
283.829;10
283.903;10
283.973;10
284.042;10
284.112;10
284.186;1
284.257;1
284.332;1
284.411;1
vMx
284.48;2
284.549;3
284.629;3
284.696;3
284.772;3
284.84;3
284.913;4
284.982;4
285.061;4
285.133;4
285.204;4
285.279;5
285.354;5
285.428;5
285.501;5
285.571;5
285.649;6
285.727;6
285.795;6
285.87;6
285.937;6
286.008;7
286.081;7
286.152;7
286.226;7
286.3;8
286.371;8
286.442;8
286.521;8
Mn
286.591;8
286.662;9
286.736;9
286.808;9
286.881;9
FA
286.956;0
287.026;0
287.099;0
287.173;0
287.249;0
287.314;0
287.392;0
287.467;0
287.54;0
287.615;0
287.683;0
287.755;0
287.827;0
287.901;0
287.973;0
288.048;0
288.119;0
vMx
288.194;2
288.263;2
288.342;3
288.409;3
288.482;3
288.554;3
288.627;3
288.7;4
288.77;4
288.849;4
288.921;4
288.993;4
289.063;5
289.14;5
289.22;5
289.285;5
289.358;5
289.426;6
289.501;6
289.578;6
289.652;6
289.72;6
289.796;7
289.868;7
289.94;7
290.014;7
290.086;7
Mn
290.154;7
290.23;8
290.303;8
290.376;8
290.454;8
290.525;8
290.594;9
290.673;9
290.744;9
290.817;9
290.887;9
290.961;10
291.033;10
291.109;10
291.18;10
291.25;10
291.326;1
291.398;1
291.473;1
291.547;1
291.62;1
vMx
291.688;2
291.763;3
291.837;3
291.903;3
291.98;3
292.053;3
292.125;4
292.198;4
292.27;4
292.345;4
292.418;4
292.491;5
292.566;5
292.634;5
292.708;5
292.787;5
292.853;6
292.926;6
292.998;6
293.073;6
293.147;6
293.219;7
293.304;7
293.372;7
293.434;7
293.513;8
293.588;8
Mn
293.658;8
293.728;8
293.802;8
293.873;9
293.957;9
294.029;9
294.091;9
294.164;9
294.239;10
294.309;10
294.384;10
294.456;10
294.527;10
294.6;1
294.679;1
294.749;1
294.823;1
294.893;1
294.967;2
295.042;2
295.112;2
vMx
295.184;2
295.258;3
295.328;3
295.402;3
295.477;3
295.548;3
295.622;4
295.699;4
295.768;4
295.838;4
295.917;4
295.989;5
296.061;5
296.134;5
296.207;5
296.275;5
296.351;6
296.43;6
296.505;6
296.577;6
296.646;6
296.716;7
296.79;7
296.862;7
296.941;7
297.013;8
Mn
297.082;8
297.154;8
297.224;8
297.299;8
297.375;9
297.448;9
297.515;9
297.593;9
297.66;9
297.735;10
297.807;10
297.878;10
297.955;10
298.028;10
298.1;1
298.175;1
298.246;1
298.318;1
298.403;2
298.467;2
298.535;2
vMx
298.616;2
298.684;3
298.754;3
298.826;3
298.901;3
298.978;3
299.047;4
299.116;4
299.193;4
299.262;4
299.341;4
299.416;5
299.48;5
299.559;5
299.632;5
299.705;6
299.773;6
299.851;6
299.92;6
299.994;6
300.068;7
300.142;7
300.214;7
300.289;7
Mn
300.36;7
300.428;8
300.506;8
300.574;8
300.652;8
300.722;9
300.797;9
300.868;9
300.94;9
301.013;9
301.089;10
301.161;10
301.236;10
301.305;10
301.377;10
301.448;1
301.52;1
301.598;1
301.672;1
301.744;2
301.818;2
vMx
301.892;2
301.965;3
302.04;3
302.111;3
302.181;3
302.25;4
302.326;4
302.397;4
302.471;4
302.548;4
302.621;5
302.69;5
302.761;5
302.836;5
302.91;6
302.982;6
303.054;6
303.126;6
303.197;6
303.275;7
303.342;7
303.42;7
303.491;7
303.566;8
303.639;8
303.706;8
303.785;8
303.858;8
Mn
FA
303.929;0
304.003;0
304.076;0
304.141;0
304.224;0
304.294;0
304.372;0
304.437;0
304.506;0
304.58;0
304.653;0
304.736;0
304.796;0
304.873;0
304.946;0
305.02;0
305.096;0
305.168;0
305.24;0
305.316;0
305.386;0
vMx
305.455;2
305.53;2
305.605;3
305.673;3
305.752;3
305.825;3
305.895;3
305.971;4
FA
306.041;0
306.112;0
306.185;0
306.261;0
306.327;0
306.402;0
306.475;0
306.546;0
306.618;0
306.692;0
306.767;0
306.841;0
306.914;0
306.986;0
307.061;0
307.131;0
307.215;0
307.288;0
307.351;0
307.424;0
307.497;0
Mn
307.574;0
307.642;0
307.714;0
307.789;0
307.86;0
307.936;0
308.006;0
308.079;0
308.155;0
308.226;0
308.299;0
308.369;0
308.442;0
308.519;0
308.591;0
308.665;0
308.737;0
308.806;0
308.879;0
308.952;0
309.03;0
309.107;0
309.175;0
vMx
309.241;2
309.321;2
309.391;3
309.465;3
309.538;3
309.61;3
309.686;3
309.756;4
309.823;4
309.901;4
309.972;4
310.046;4
310.121;4
310.191;5
310.261;5
310.337;5
310.412;5
310.48;5
310.562;6
310.638;6
310.7;6
310.773;6
310.851;6
310.923;7
310.992;7
311.067;7
311.143;7
Mn
311.214;7
311.285;8
311.355;8
311.43;8
311.504;8
311.575;8
311.648;9
311.718;9
311.793;9
311.868;9
311.945;9
312.011;9
312.089;10
312.159;10
312.232;10
312.302;10
312.378;10
312.45;1
312.523;1
312.599;1
312.668;1
312.744;1
312.819;2
vMx
312.89;2
312.963;2
313.032;3
313.105;3
313.177;3
313.253;3
313.325;3
313.4;4
313.47;4
313.539;4
313.615;4
313.687;4
313.761;5
313.839;5
313.91;5
313.977;5
314.051;5
314.126;6
314.197;6
314.273;6
314.344;6
314.415;6
314.489;7
314.566;7
314.637;7
314.709;7
314.783;7
314.86;8
314.933;8
315.002;8
Mn
315.071;8
315.145;8
315.22;9
315.289;9
315.368;9
315.44;9
315.513;9
315.586;10
315.656;10
315.728;10
315.8;10
315.872;10
315.951;1
316.022;1
316.095;1
316.169;1
316.242;1
316.309;2
316.388;2
316.457;2
vMx
316.532;2
316.602;2
316.681;3
316.754;3
316.816;3
316.893;3
316.966;3
317.037;4
317.114;4
317.189;4
317.257;4
317.332;4
317.404;5
317.477;5
317.552;5
317.625;5
317.694;5
317.766;6
317.839;6
317.916;6
317.986;6
318.062;6
318.132;7
318.206;7
318.278;7
318.349;7
318.429;7
Mn
318.499;8
318.569;8
318.643;8
318.717;8
318.785;8
318.863;9
318.931;9
319.006;9
319.083;9
319.159;9
319.222;10
319.297;10
319.374;10
319.447;10
319.517;10
319.592;1
319.672;1
319.734;1
319.807;1
319.889;1
319.956;2
vMx
320.028;2
320.099;3
320.168;3
320.242;3
320.321;3
320.391;3
320.466;4
320.534;4
320.611;4
320.691;4
320.757;4
320.839;5
320.904;5
320.977;5
321.052;5
321.126;5
321.187;6
321.266;6
321.336;6
321.412;6
321.482;6
321.555;7
321.627;7
321.7;7
321.777;7
321.853;8
321.921;8
321.996;8
322.062;8
322.144;8
FA
322.212;0
322.284;0
Mn
322.362;0
322.43;0
322.501;0
322.579;0
322.652;0
322.718;0
322.793;0
322.865;0
322.937;0
323.015;0
323.087;0
323.16;0
323.229;0
323.305;0
323.377;0
323.452;0
323.526;0
323.596;0
323.668;0
323.74;0
323.815;0
323.886;0
323.965;0
vMx
324.03;2
324.104;2
324.18;2
324.25;3
324.324;3
324.397;3
324.472;3
324.542;3
324.618;4
324.69;4
324.759;4
324.833;4
324.908;4
324.981;4
325.053;5
325.131;5
325.201;5
325.269;5
325.352;5
325.421;6
325.49;6
325.559;6
325.636;6
325.709;6
325.783;6
325.856;7
325.928;7
325.996;7
Mn
326.076;7
326.148;7
326.222;8
326.296;8
326.366;8
326.437;8
326.513;8
326.582;8
FA
326.659;0
326.732;0
326.806;0
326.882;0
326.945;0
327.021;0
327.095;0
327.166;0
327.245;0
327.31;0
327.385;0
327.459;0
327.525;0
327.601;0
327.677;0
327.749;0
vMx
327.824;2
327.899;2
327.965;3
328.039;3
328.118;3
328.188;3
328.26;3
328.33;4
328.404;4
328.476;4
328.548;4
328.619;4
328.694;4
328.769;5
328.843;5
328.918;5
328.988;5
329.062;5
329.132;6
329.204;6
329.28;6
329.349;6
329.428;6
329.498;7
329.566;7
329.652;7
Mn
329.715;7
329.789;7
329.862;8
329.936;8
330.01;8
330.077;8
330.151;8
330.223;9
330.296;9
330.371;9
330.447;9
330.52;9
330.585;9
330.662;10
330.734;10
330.803;10
330.881;10
330.951;10
331.02;1
331.102;1
331.182;1
vMx
331.245;2
331.318;3
331.393;3
331.467;3
FA
331.543;0
331.607;0
331.684;0
331.758;0
331.83;0
331.9;0
331.976;0
332.047;0
332.114;0
332.193;0
332.267;0
332.333;0
332.412;0
332.485;0
332.556;0
332.629;0
332.702;0
332.779;0
332.85;0
332.924;0
332.994;0
333.069;0
333.14;0
Mn
333.21;0
333.286;0
333.362;0
333.43;0
333.504;0
333.576;0
333.65;0
333.728;0
333.803;0
333.864;0
333.944;0
334.011;0
334.082;0
334.16;0
334.231;0
334.305;0
334.378;0
334.447;0
334.524;0
334.598;0
334.668;0
334.739;0
334.819;0
334.891;0
vMx
334.961;2
335.034;2
335.113;3
335.181;3
335.257;3
335.331;3
335.397;3
335.47;4
335.543;4
335.613;4
335.693;4
335.77;4
335.834;5
335.904;5
335.983;5
336.052;5
336.127;5
336.208;6
336.271;6
336.344;6
336.416;6
336.488;6
336.561;7
336.632;7
336.709;7
Mn
336.782;7
336.856;7
336.927;7
336.997;8
337.073;8
337.149;8
337.225;8
337.293;8
337.359;9
337.436;9
337.515;9
337.583;9
337.655;9
337.727;10
337.801;10
337.875;10
337.949;10
338.019;10
338.089;1
338.171;1
338.239;1
338.31;1
338.386;1
vMx
338.45;2
338.529;3
338.6;3
338.676;3
338.752;3
338.822;3
338.897;4
338.968;4
339.047;4
339.113;4
339.186;4
339.259;5
339.332;5
339.401;5
339.477;5
339.548;5
339.621;6
339.693;6
339.768;6
339.84;6
339.913;7
339.988;7
340.061;7
340.134;7
340.2;7
340.279;8
Mn
340.35;8
340.425;8
340.503;8
340.57;8
340.641;9
340.718;9
340.787;9
340.864;9
340.932;9
341.01;10
341.077;10
341.149;10
341.225;10
341.3;10
341.372;1
341.445;1
341.513;1
341.591;1
341.662;2
341.731;2
341.806;2
341.882;2
341.955;2
vMx
342.029;2
342.102;2
342.169;3
342.247;3
342.327;3
342.392;3
342.465;4
342.539;4
342.608;4
342.684;4
342.756;4
342.824;5
342.903;5
342.974;5
343.049;5
343.118;5
343.192;6
343.265;6
343.337;6
343.41;6
343.481;6
343.56;7
343.629;7
343.7;7
343.781;7
Mn
343.853;7
343.917;8
343.995;8
344.067;8
344.135;8
344.212;8
344.284;9
344.357;9
344.431;9
344.507;9
344.576;9
344.65;10
344.723;10
344.795;10
344.867;10
344.939;10
345.012;1
345.088;1
345.161;1
345.235;1
345.305;1
345.381;2
345.448;2
vMx
345.521;2
345.597;3
345.667;3
345.741;3
345.81;3
345.887;3
345.963;4
346.034;4
346.108;4
346.184;4
346.258;4
346.325;5
346.397;5
346.471;5
346.54;5
346.615;5
346.688;6
346.758;6
346.835;6
346.907;6
346.983;6
347.054;7
347.126;7
347.199;7
347.274;7
347.343;8
347.417;8
347.492;8
347.566;8
Mn
347.635;8
FA
347.714;0
347.784;0
347.857;0
347.928;0
348.002;0
348.074;0
348.144;0
348.225;0
348.288;0
348.366;0
348.441;0
348.509;0
348.582;0
348.656;0
348.723;0
348.8;0
348.873;0
348.941;0
349.019;0
vMx
349.093;2
349.165;3
349.243;3
349.321;3
349.387;3
349.455;3
349.531;4
349.612;4
349.683;4
349.748;4
349.819;4
349.895;5
349.965;5
350.041;5
350.111;5
350.19;5
350.256;6
350.33;6
350.405;6
350.475;6
350.553;6
350.624;7
350.694;7
350.769;7
350.843;7
350.912;7
350.99;8
351.061;8
351.135;8
351.206;8
351.281;8
351.35;9
FA
351.427;0
Mn
351.499;0
351.567;0
351.652;0
351.716;0
351.791;0
351.865;0
351.933;0
352.007;0
352.078;0
352.153;0
352.222;0
352.302;0
352.374;0
352.439;0
352.517;0
352.591;0
352.663;0
352.736;0
352.807;0
352.881;0
352.959;0
353.029;0
vMx
353.098;2
353.174;2
353.246;2
353.32;3
353.391;3
353.465;3
353.537;3
353.611;3
353.683;4
353.757;4
353.828;4
353.9;4
353.971;4
354.046;4
354.116;5
354.193;5
354.272;5
354.338;5
354.408;5
354.481;6
354.556;6
354.625;6
354.708;6
354.774;6
354.846;6
354.922;7
354.991;7
Mn
355.064;7
355.143;7
355.209;7
355.281;8
355.359;8
355.431;8
355.501;8
FA
355.575;0
355.648;0
355.722;0
355.793;0
355.871;0
355.94;0
356.014;0
356.086;0
356.17;0
356.241;0
356.304;0
356.381;0
356.454;0
356.52;0
356.596;0
356.667;0
vMx
356.741;2
356.818;2
356.891;3
356.958;3
357.034;3
357.106;3
357.174;3
357.258;4
357.326;4
357.395;4
357.47;4
357.538;4
357.618;5
357.688;5
357.761;5
357.836;5
357.907;5
357.978;6
358.054;6
358.127;6
358.199;6
358.271;6
358.343;7
358.415;7
358.491;7
358.564;7
Mn
358.64;7
358.708;8
358.779;8
358.855;8
358.926;8
359.001;8
359.073;9
359.147;9
359.216;9
359.293;9
359.364;9
359.432;10
359.516;10
359.591;10
359.655;10
359.732;10
359.801;1
359.877;1
359.948;1
360.024;1
360.092;1
360.168;2
360.239;2
vMx
360.309;2
360.386;2
360.459;3
360.531;3
360.602;3
360.677;3
360.747;3
360.82;4
360.895;4
360.969;4
361.04;4
361.113;5
361.185;5
361.26;5
361.329;5
361.402;5
361.476;6
361.549;6
361.623;6
361.695;6
361.767;6
361.843;7
361.913;7
361.989;7
362.056;7
362.133;7
362.208;8
362.276;8
362.354;8
362.422;8
362.503;8
FA
362.574;0
362.643;0
362.713;0
362.789;0
Mn
362.86;0
362.934;0
363.008;0
363.081;0
363.153;0
363.224;0
363.299;0
363.375;0
363.445;0
363.519;0
363.587;0
363.661;0
363.735;0
363.806;0
363.879;0
363.958;0
364.025;0
364.101;0
364.172;0
364.247;0
364.321;0
vMx
364.39;2
364.462;2
364.538;2
364.61;3
364.679;3
364.758;3
364.827;3
364.898;3
364.972;3
365.053;4
365.115;4
365.192;4
365.266;4
365.338;4
365.412;5
365.491;5
365.557;5
365.627;5
365.705;5
365.777;5
365.85;6
365.922;6
366;6
366.072;6
366.145;6
366.212;7
Mn
366.288;7
366.354;7
366.427;7
366.504;7
366.575;7
FA
366.649;0
366.722;0
366.796;0
366.863;0
366.939;0
367.017;0
367.082;0
367.158;0
367.241;0
367.308;0
367.377;0
367.451;0
367.524;0
367.591;0
367.674;0
367.736;0
367.816;0
vMx
367.887;2
367.955;3
368.031;3
368.11;3
368.177;3
368.25;3
368.326;4
368.396;4
368.472;4
368.544;4
368.62;4
368.688;5
368.761;5
368.832;5
368.907;5
368.98;5
369.053;6
369.124;6
369.2;6
369.273;6
369.347;7
369.417;7
369.489;7
369.566;7
369.637;7
369.708;8
369.786;8
369.853;8
369.925;8
Mn
369.995;8
370.072;9
370.148;9
370.223;9
370.294;9
370.365;9
370.437;10
370.513;10
370.582;10
370.654;10
370.728;10
370.798;1
370.877;1
370.949;1
371.018;1
371.092;2
371.165;2
371.235;2
371.31;2
371.385;2
vMx
371.455;2
371.54;3
371.61;3
371.678;3
371.746;3
371.826;3
371.893;4
371.969;4
372.042;4
372.109;4
372.187;4
372.258;5
372.331;5
372.405;5
372.476;5
372.549;5
372.626;6
372.696;6
372.767;6
372.848;6
372.916;6
372.988;7
373.063;7
373.139;7
373.206;7
373.277;7
Mn
373.354;8
373.42;8
373.495;8
373.569;8
373.646;8
373.716;9
373.791;9
373.86;9
373.935;9
374.006;9
374.076;10
374.15;10
374.226;10
374.299;10
374.373;10
374.448;1
374.515;1
374.59;1
374.664;1
vMx
374.734;2
374.807;3
374.881;3
374.95;3
375.025;3
375.098;4
375.168;4
375.245;4
375.316;4
375.389;4
375.463;5
375.53;5
375.605;5
375.685;5
375.76;6
375.828;6
375.904;6
375.974;6
376.045;6
376.12;7
376.193;7
376.263;7
376.336;7
376.412;8
376.481;8
376.556;8
376.627;8
376.697;8
376.777;9
Mn
FA
376.847;0
376.919;0
376.993;0
377.068;0
377.138;0
377.209;0
377.284;0
377.359;0
377.428;0
377.5;0
377.574;0
377.649;0
377.721;0
377.791;0
377.869;0
377.94;0
378.016;0
378.087;0
378.156;0
378.232;0
vMx
378.305;2
378.377;2
378.449;3
378.528;3
378.598;3
378.667;3
378.742;4
378.815;4
378.886;4
378.958;4
379.032;4
379.103;5
379.178;5
379.251;5
379.324;5
379.393;5
379.466;6
379.546;6
379.621;6
379.691;6
379.762;6
379.836;7
379.908;7
379.976;7
380.061;7
380.124;7
Mn
380.2;8
380.275;8
380.344;8
380.415;8
380.49;8
380.563;9
380.635;9
380.709;9
380.786;9
380.853;9
380.929;10
381;10
381.075;10
381.145;10
381.222;10
381.296;1
381.367;1
381.437;1
381.506;1
381.583;1
381.657;2
381.725;2
381.798;2
381.876;2
vMx
381.944;2
382.023;2
382.094;3
382.164;3
382.236;3
382.311;3
382.382;3
382.456;4
382.532;4
382.6;4
382.674;4
382.753;4
382.817;5
382.89;5
382.969;5
383.037;5
383.112;5
383.182;6
383.255;6
383.331;6
383.405;6
383.481;6
383.554;7
383.624;7
383.696;7
383.771;7
383.844;7
383.916;8
383.986;8
384.059;8
384.129;8
FA
384.206;0
384.278;0
Mn
384.349;0
384.422;0
384.502;0
384.569;0
384.644;0
384.715;0
384.788;0
384.861;0
384.934;0
385.004;0
385.082;0
385.151;0
385.224;0
385.296;0
385.368;0
385.444;0
385.519;0
385.593;0
385.662;0
385.732;0
385.807;0
385.881;0
vMx
385.953;2
386.026;2
386.098;2
386.175;3
386.247;3
386.314;3
386.393;3
386.46;3
386.533;4
386.608;4
386.678;4
386.754;4
386.824;4
386.905;4
386.973;5
387.048;5
387.119;5
387.193;5
387.266;5
387.341;6
387.409;6
387.487;6
387.561;6
387.626;6
387.699;6
387.775;7
387.849;7
Mn
387.925;7
387.998;7
388.066;7
388.143;8
388.221;8
388.284;8
388.36;8
388.432;8
FA
388.497;0
388.581;0
388.647;0
388.718;0
388.795;0
388.866;0
388.941;0
389.016;0
389.088;0
389.158;0
389.226;0
389.309;0
389.375;0
389.45;0
389.528;0
vMx
389.594;2
389.669;2
389.739;3
389.813;3
389.889;3
389.959;3
390.029;3
390.103;4
390.179;4
390.247;4
390.327;4
390.4;4
390.471;5
390.54;5
390.619;5
390.691;5
390.76;5
390.835;6
390.906;6
390.983;6
391.053;6
391.122;6
391.2;7
391.277;7
391.343;7
391.418;7
391.49;7
391.564;8
Mn
391.634;8
391.711;8
391.782;8
391.853;8
391.931;9
391.999;9
392.081;9
392.154;9
392.22;9
392.288;10
392.366;10
392.435;10
392.509;10
392.581;10
392.654;1
392.725;1
392.799;1
392.871;1
392.948;1
393.021;2
393.091;2
393.168;2
vMx
393.238;2
393.31;2
393.386;3
393.461;3
393.528;3
393.605;3
393.676;3
393.746;4
393.822;4
393.893;4
393.97;4
394.045;4
394.117;5
394.185;5
394.252;5
394.329;5
394.403;5
394.478;6
394.55;6
394.622;6
394.698;6
394.769;6
394.838;7
394.917;7
394.984;7
Mn
395.056;7
395.135;7
395.209;8
395.277;8
395.35;8
395.422;8
395.496;8
395.566;9
395.645;9
395.719;9
395.79;9
395.862;9
395.935;10
396.01;10
396.076;10
396.153;10
396.225;10
396.299;1
396.367;1
396.447;1
396.515;1
396.587;1
396.658;2
vMx
396.734;2
396.809;3
396.881;3
396.953;3
397.021;3
397.096;3
397.175;4
397.248;4
397.324;4
397.394;4
397.469;4
397.54;5
397.609;5
397.681;5
397.753;5
397.828;5
397.903;6
397.973;6
398.045;6
398.118;6
398.194;7
398.265;7
398.337;7
398.409;7
398.484;7
398.553;8
398.631;8
398.704;8
398.779;8
398.852;8
Mn
398.923;9
398.995;9
FA
399.07;0
399.14;0
399.211;0
399.282;0
399.358;0
399.428;0
399.504;0
399.58;0
399.648;0
399.719;0
399.792;0
399.873;0
399.94;0
400.012;0
400.082;0
400.159;0
400.231;0
400.302;0
400.376;0
vMx
400.456;2
400.524;2
400.597;3
400.671;3
400.739;3
400.817;3
400.883;3
400.957;4
401.031;4
401.101;4
401.18;4
401.253;4
401.328;5
401.396;5
401.473;5
401.546;5
401.614;5
401.687;6
401.764;6
401.834;6
401.91;6
401.983;6
402.052;7
402.125;7
402.199;7
402.274;7
402.34;7
402.42;8
402.492;8
402.562;8
402.638;8
Mn
402.709;8
402.778;8
402.862;9
402.926;9
403.001;9
403.073;9
403.145;9
403.216;10
403.29;10
403.366;10
403.437;10
403.511;10
403.583;1
403.657;1
403.731;1
403.804;1
403.875;1
403.948;2
404.022;2
404.093;2
404.166;2
404.245;2
404.31;3
vMx
404.387;2
404.455;2
404.529;2
404.604;3
404.677;3
404.744;3
404.82;3
404.892;3
404.965;4
405.039;4
405.11;4
405.188;4
405.26;4
405.334;5
405.405;5
405.479;5
405.548;5
405.621;5
405.694;5
405.763;6
405.841;6
405.915;6
405.987;6
406.063;6
406.13;7
406.202;7
406.279;7
Mn
406.352;7
406.423;7
406.499;7
406.568;8
406.64;8
406.719;8
406.788;8
406.864;8
406.936;9
407.009;9
407.078;9
407.156;9
407.226;9
407.356;10
407.414;10
407.454;10
407.557;10
407.599;10
407.667;10
407.735;1
407.807;1
407.879;1
407.947;1
408.03;1
vMx
408.102;2
408.17;2
408.244;3
408.321;3
408.389;3
408.465;3
408.537;3
408.605;4
408.681;4
408.754;4
408.83;4
408.902;4
408.973;5
409.051;5
409.118;5
409.195;5
409.263;5
409.334;6
409.408;6
409.482;6
409.559;6
409.629;6
409.699;7
409.773;7
409.85;7
409.92;7
Mn
409.989;7
410.072;8
410.139;8
410.211;8
410.286;8
410.356;8
410.435;9
410.507;9
410.575;9
410.645;9
410.722;9
410.799;10
410.868;10
410.946;10
411.011;10
411.089;10
411.161;1
411.232;1
411.308;1
411.381;1
411.45;1
411.522;1
411.596;2
vMx
411.665;2
411.744;2
411.813;3
411.884;3
411.957;3
412.03;3
412.104;4
412.185;4
412.254;4
412.324;4
412.4;4
412.476;5
412.544;5
412.621;5
412.688;5
412.762;5
412.836;6
412.909;6
412.974;6
413.05;6
413.125;6
413.196;7
413.27;7
413.341;7
413.413;7
413.488;7
413.561;8
413.631;8
Mn
413.709;8
413.788;8
413.85;8
413.927;9
FA
413.997;0
414.071;0
414.15;0
414.222;0
414.287;0
414.365;0
414.44;0
414.512;0
414.581;0
414.658;0
414.725;0
414.799;0
414.874;0
414.945;0
415.018;0
415.094;0
415.165;0
415.239;0
415.31;0
415.386;0
415.458;0
415.53;0
vMx
415.603;2
415.679;2
415.749;2
415.818;3
415.893;3
415.967;3
416.04;3
416.112;3
416.184;4
416.252;4
416.335;4
416.409;4
416.483;4
416.552;5
416.628;5
416.697;5
416.77;5
416.844;5
416.914;5
416.985;6
417.061;6
417.127;6
417.206;6
417.279;6
417.347;7
417.422;7
417.495;7
417.568;7
417.639;7
417.714;7
417.792;8
417.861;8
417.937;8
418.005;8
Mn
FA
418.081;0
418.153;0
418.221;0
418.295;0
418.368;0
418.448;0
418.517;0
418.59;0
418.662;0
418.738;0
418.807;0
418.879;0
418.953;0
419.024;0
419.098;0
419.174;0
419.245;0
419.315;0
419.386;0
419.463;0
419.537;0
419.608;0
419.68;0
vMx
419.748;2
419.83;2
419.902;2
419.983;3
420.053;3
420.122;3
420.188;3
420.262;3
420.336;3
420.408;4
420.481;4
420.559;4
420.628;4
420.7;4
420.78;5
420.846;5
420.923;5
420.996;5
421.062;5
421.136;5
421.217;6
421.283;6
421.361;6
421.434;6
421.504;6
421.577;6
421.652;7
421.719;7
421.794;7
421.867;7
Mn
421.944;7
422.018;7
422.088;8
422.16;8
422.235;8
422.305;8
422.373;8
422.452;9
422.524;9
422.596;9
FA
422.667;0
422.741;0
422.811;0
422.883;0
422.959;0
423.028;0
423.103;0
423.18;0
423.246;0
423.321;0
423.397;0
423.468;0
423.543;0
423.613;0
423.685;0
vMx
423.763;2
423.835;2
423.908;2
423.981;3
424.053;3
424.123;3
424.202;3
424.27;3
424.346;4
424.415;4
424.489;4
424.558;4
424.634;4
424.708;4
424.778;5
424.856;5
424.926;5
425.001;5
425.071;5
425.145;6
425.214;6
425.29;6
425.361;6
425.432;6
425.517;6
425.586;7
425.657;7
425.732;7
425.804;7
425.869;7
425.944;8
Mn
426.022;8
426.09;8
426.165;8
426.241;8
426.314;8
426.382;9
426.456;9
426.531;9
426.6;9
426.676;9
426.746;10
426.822;10
426.893;10
426.964;10
427.04;10
427.113;10
427.183;1
427.255;1
427.327;1
427.398;1
427.481;1
vMx
427.55;2
427.62;2
427.695;3
427.766;3
427.839;3
427.916;3
427.984;3
428.06;4
428.136;4
428.202;4
428.274;4
428.352;4
428.422;5
428.5;5
428.57;5
428.642;5
428.713;5
428.784;5
428.86;6
428.93;6
429.004;6
429.075;6
429.156;6
429.227;7
429.299;7
429.367;7
429.447;7
429.519;7
429.586;8
429.662;8
Mn
429.734;8
429.805;8
429.876;8
429.952;9
430.028;9
430.1;9
430.169;9
430.24;9
430.314;10
430.388;10
430.461;10
430.535;10
430.617;10
430.683;10
430.757;1
430.826;1
430.895;1
430.974;1
431.048;1
431.117;2
431.195;2
431.266;2
vMx
431.33;2
431.408;2
431.481;3
431.551;3
431.628;3
431.703;3
431.77;3
431.85;4
431.918;4
431.988;4
432.068;4
432.14;4
432.213;4
432.284;5
432.354;5
432.424;5
432.507;5
432.578;5
432.648;6
432.727;6
432.794;6
432.869;6
432.939;6
433.013;7
Mn
433.086;7
433.161;7
433.231;7
FA
433.3;0
433.378;0
433.451;0
433.529;0
433.603;0
433.669;0
433.738;0
433.817;0
433.892;0
433.959;0
434.032;0
434.104;0
434.18;0
434.254;0
434.327;0
434.39;0
434.468;0
434.544;0
434.611;0
434.686;0
434.761;0
434.83;0
434.904;0
434.98;0
435.056;0
435.129;0
435.195;0
435.268;0
435.341;0
435.414;0
435.488;0
435.564;0
435.636;0
435.709;0
435.785;0
435.857;0
vMx
FA
435.927;0
435.999;0
436.071;0
436.144;0
Mn
436.214;0
436.287;0
436.359;0
436.435;0
436.508;0
436.577;0
436.653;0
436.726;0
vMx
FT
436.802;0
436.881;0
436.946;0
437.017;0
437.095;0
437.165;0
Mn
437.239;0
437.311;0
437.385;0
437.452;0
437.528;0
437.601;0
437.674;0
437.747;0
vMx
FT
437.817;0
437.893;0
437.965;0
438.04;0
438.111;0
Mn
438.186;0
438.26;0
438.334;0
438.402;0
438.477;0
438.555;0
438.626;0
vMx
FT
438.694;0
438.768;0
438.846;0
438.913;0
438.986;0
439.061;0
439.134;0
439.203;0
439.282;0
439.354;0
439.421;0
439.491;0
439.566;0
439.639;0
439.712;0
439.787;0
439.867;0
439.941;0
440.016;0
440.078;0
440.151;0
440.225;0
440.296;0
440.374;0
440.447;0
440.513;0
440.589;0
440.665;0
440.73;0
Mn
440.807;0
440.876;0
440.951;0
441.028;0
441.104;0
441.168;0
441.243;0
441.314;0
441.386;0
441.463;0
441.532;0
441.607;0
441.679;0
441.751;0
441.826;0
441.907;0
441.977;0
442.043;0
442.117;0
442.188;0
442.264;0
442.337;0
442.41;0
442.482;0
442.559;0
vMx
FT
442.632;0
442.7;0
442.773;0
442.844;0
442.919;0
442.995;0
443.066;0
443.135;0
443.211;0
443.285;0
443.353;0
443.426;0
443.506;0
443.569;0
443.654;0
443.724;0
443.791;0
443.869;0
443.941;0
444.017;0
444.084;0
444.156;0
444.227;0
444.303;0
444.38;0
444.45;0
444.521;0
444.595;0
444.667;0
444.744;0
444.816;0
444.886;0
444.961;0
Mn
445.035;0
445.106;0
445.181;0
445.257;0
445.324;0
445.394;0
445.466;0
445.544;0
445.614;0
445.689;0
445.758;0
445.833;0
445.905;0
445.98;0
446.056;0
446.134;0
446.206;0
446.272;0
446.342;0
446.417;0
446.491;0
446.558;0
446.634;0
446.711;0
446.782;0
446.853;0
446.922;0
vMx
447.002;2
447.074;2
447.146;2
447.219;2
447.29;3
447.362;3
447.437;3
447.508;3
447.584;3
447.657;3
447.726;4
447.802;4
447.872;4
447.945;4
448.022;4
448.098;4
448.166;5
448.238;5
448.311;5
448.385;5
448.456;5
448.53;5
448.601;6
448.674;6
448.748;6
448.816;6
448.893;6
448.965;6
449.043;7
449.117;7
449.193;7
449.256;7
449.327;7
449.401;7
449.471;8
449.547;8
Mn
449.622;8
449.693;8
449.77;8
449.84;8
449.911;9
449.984;9
450.06;9
450.128;9
450.206;9
450.279;9
450.352;10
450.425;10
450.495;10
450.57;10
450.637;10
450.717;10
450.787;1
450.856;1
450.932;1
451.002;1
451.08;1
451.149;1
451.228;2
451.299;2
451.367;2
vMx
451.439;2
451.518;2
451.59;2
451.658;2
451.734;3
451.81;3
451.879;3
451.954;3
452.028;3
452.097;3
452.172;4
452.243;4
452.316;4
452.388;4
452.46;4
452.534;4
452.606;5
452.678;5
452.754;5
452.828;5
452.902;5
452.972;5
453.046;6
453.121;6
453.188;6
453.271;6
453.341;6
453.407;6
453.482;7
453.556;7
453.628;7
453.701;7
453.771;7
Mn
453.855;7
453.923;8
454;8
454.067;8
454.138;8
454.209;8
454.278;8
454.358;8
454.431;9
454.502;9
454.574;9
454.648;9
454.722;9
454.792;9
454.864;10
454.934;10
455.013;10
455.087;10
455.163;10
455.228;10
455.302;1
455.376;1
455.455;1
455.524;1
455.592;1
455.67;1
vMx
455.737;2
455.811;2
455.888;2
455.958;2
456.031;3
456.105;3
456.18;3
456.25;3
456.322;3
456.396;4
456.471;4
456.542;4
456.614;4
456.687;4
456.761;4
456.834;5
456.908;5
456.976;5
457.049;5
457.121;5
457.199;5
457.272;6
457.343;6
457.415;6
457.487;6
457.558;6
457.636;6
457.708;7
457.781;7
457.858;7
457.927;7
457.996;7
458.073;7
Mn
458.145;8
458.215;8
458.288;8
458.36;8
458.435;8
458.51;8
458.582;9
458.653;9
458.728;9
458.798;9
458.873;9
458.95;9
459.021;10
459.092;10
459.164;10
459.238;10
459.306;10
459.386;10
459.462;1
459.53;1
459.601;1
459.674;1
459.745;1
459.818;1
vMx
459.891;2
459.963;2
460.041;2
460.115;3
460.181;3
460.254;3
460.327;3
460.401;3
460.474;3
460.546;4
460.627;4
460.693;4
460.769;4
460.839;4
460.913;4
460.996;5
461.058;5
461.133;5
461.204;5
461.276;5
461.349;6
461.422;6
461.493;6
461.571;6
461.64;6
461.716;6
461.786;7
461.859;7
461.931;7
462.015;7
462.079;7
462.151;7
462.225;8
462.298;8
462.369;8
Mn
FA
462.449;0
462.519;0
462.589;0
462.66;0
462.734;0
462.803;0
462.88;0
462.955;0
463.027;0
463.104;0
463.177;0
463.244;0
463.315;0
463.396;0
463.465;0
463.533;0
463.606;0
463.683;0
463.758;0
463.824;0
463.896;0
463.97;0
464.044;0
464.116;0
464.189;0
464.268;0
vMx
464.337;2
464.41;2
464.481;2
464.552;2
464.633;3
464.701;3
464.768;3
464.845;3
464.929;3
464.991;3
465.066;4
465.138;4
465.207;4
465.283;4
465.357;4
465.429;4
465.499;5
465.575;5
465.647;5
465.722;5
465.797;5
465.867;5
465.944;6
466.016;6
466.089;6
466.157;6
466.232;6
466.3;6
466.377;7
466.45;7
466.522;7
Mn
466.594;7
466.669;7
466.737;7
FA
466.811;0
466.884;0
466.955;0
467.03;0
467.103;0
467.179;0
467.252;0
467.329;0
467.398;0
467.469;0
467.545;0
467.613;0
467.686;0
467.76;0
467.837;0
467.912;0
467.977;0
468.048;0
468.129;0
468.199;0
468.271;0
vMx
468.346;2
468.416;2
468.49;2
468.571;3
468.636;3
468.708;3
468.782;3
468.853;3
468.922;4
468.995;4
469.071;4
469.141;4
469.217;4
469.289;4
469.365;5
469.437;5
469.509;5
469.584;5
469.653;5
469.727;6
469.793;6
469.872;6
469.945;6
470.015;6
470.092;6
470.165;7
470.235;7
Mn
470.31;7
470.382;7
470.455;7
470.526;8
470.602;8
470.671;8
470.749;8
470.818;8
470.891;8
470.965;9
471.039;9
471.108;9
471.185;9
471.254;9
471.34;10
471.405;10
471.475;10
471.545;10
471.618;10
471.695;10
471.767;1
471.839;1
471.912;1
471.981;1
vMx
472.059;2
472.134;2
472.208;3
472.282;3
472.349;3
472.42;3
472.495;3
472.567;4
472.637;4
472.714;4
472.789;4
472.854;4
472.933;5
473.002;5
473.081;5
473.152;5
473.223;5
473.294;6
473.368;6
473.441;6
473.516;6
473.588;6
473.661;7
473.731;7
473.801;7
473.883;7
473.951;7
474.027;8
474.1;8
474.168;8
Mn
474.247;8
474.319;8
474.391;9
474.462;9
474.536;9
FA
474.611;0
474.684;0
474.759;0
474.829;0
474.903;0
474.974;0
475.043;0
475.117;0
475.191;0
475.263;0
475.339;0
475.411;0
475.48;0
475.554;0
475.626;0
475.7;0
475.777;0
475.848;0
475.918;0
475.997;0
vMx
476.07;2
476.136;2
476.213;2
476.283;3
476.356;3
476.426;3
476.501;3
476.579;3
476.652;4
476.727;4
476.794;4
476.867;4
476.94;4
477.011;4
477.086;5
477.158;5
477.235;5
477.303;5
477.376;5
477.446;6
477.522;6
477.599;6
477.67;6
477.734;6
477.813;6
477.888;7
477.961;7
478.041;7
478.104;7
Mn
478.18;7
478.249;8
478.325;8
478.394;8
478.466;8
478.542;8
478.61;8
478.69;9
478.76;9
478.835;9
478.903;9
478.986;9
479.057;10
479.123;10
479.195;10
479.269;10
479.345;10
479.415;10
479.492;1
479.563;1
479.634;1
479.707;1
479.777;1
479.85;2
479.925;2
vMx
479.999;2
480.073;2
480.144;2
480.213;3
480.29;3
480.367;3
480.437;3
480.504;3
480.58;4
480.653;4
480.727;4
480.796;4
480.878;4
480.951;5
481.015;5
481.093;5
481.158;5
481.237;5
481.31;5
481.377;6
481.453;6
481.53;6
481.601;6
481.676;6
481.746;7
481.829;7
481.892;7
481.964;7
482.035;7
482.114;8
Mn
482.185;8
482.256;8
482.327;8
482.405;8
482.471;8
482.547;9
482.623;9
482.69;9
482.764;9
482.845;9
482.911;10
482.984;10
483.059;10
483.134;10
483.207;10
483.278;10
483.35;1
483.422;1
483.494;1
483.566;1
483.638;1
483.713;2
483.782;2
483.861;2
vMx
483.936;2
484.011;2
484.087;3
484.154;3
484.222;3
FA
484.301;0
484.369;0
484.44;0
484.515;0
484.594;0
484.664;0
484.739;0
484.81;0
484.876;0
484.958;0
485.025;0
485.097;0
485.172;0
485.244;0
485.317;0
485.386;0
485.468;0
485.531;0
485.606;0
485.688;0
485.758;0
485.824;0
485.9;0
485.966;0
486.045;0
Mn
486.117;0
486.19;0
486.261;0
486.336;0
486.408;0
486.486;0
486.554;0
486.626;0
486.707;0
486.78;0
486.852;0
486.921;0
486.992;0
487.067;0
487.139;0
487.21;0
487.276;0
487.356;0
487.423;0
487.503;0
487.575;0
487.645;0
487.719;0
487.795;0
487.866;0
vMx
487.935;2
488.01;2
488.085;2
488.152;3
488.227;3
488.31;3
488.377;3
488.452;3
488.525;4
488.592;4
488.666;4
488.737;4
488.812;4
488.888;4
488.961;5
489.029;5
489.104;5
489.176;5
489.244;5
489.327;6
489.397;6
489.467;6
489.541;6
489.613;6
489.689;6
489.761;7
489.832;7
489.906;7
489.985;7
Mn
490.059;7
490.121;8
490.195;8
490.268;8
490.344;8
490.416;8
490.488;8
490.559;9
490.638;9
490.71;9
490.782;9
490.856;9
490.925;10
491.001;10
491.074;10
491.146;10
491.214;10
491.292;10
491.359;1
491.435;1
491.509;1
491.581;1
491.648;1
491.726;2
491.8;2
vMx
491.871;2
491.941;2
492.016;2
492.089;3
492.161;3
492.233;3
492.309;3
492.381;3
492.459;4
492.53;4
492.602;4
492.678;4
492.746;4
492.823;5
492.898;5
492.963;5
493.035;5
493.113;5
493.181;5
493.256;6
493.329;6
493.401;6
493.478;6
493.551;6
493.62;7
493.7;7
493.769;7
493.837;7
493.912;7
493.987;8
Mn
494.057;8
494.135;8
494.203;8
494.274;8
494.352;8
494.424;9
494.494;9
494.565;9
494.646;9
494.714;9
494.791;10
494.86;10
494.926;10
495.01;10
495.078;10
495.15;10
495.221;1
495.297;1
495.371;1
495.442;1
495.516;1
495.584;2
495.656;2
vMx
495.737;2
495.802;2
495.881;3
495.951;3
496.025;3
496.097;3
496.171;3
496.247;3
496.318;4
496.391;4
496.458;4
496.535;4
496.607;4
496.678;5
496.756;5
496.829;5
496.897;5
496.971;5
497.044;6
497.116;6
497.194;6
497.265;6
497.332;6
497.411;7
497.485;7
497.554;7
497.629;7
497.705;7
497.769;7
497.849;8
497.926;8
497.991;8
FA
498.063;0
Mn
498.14;0
498.209;0
498.281;0
498.354;0
498.43;0
498.502;0
498.573;0
498.648;0
498.719;0
498.792;0
498.867;0
498.94;0
499.01;0
499.083;0
499.16;0
499.233;0
499.299;0
499.372;0
499.447;0
499.522;0
499.593;0
499.667;0
499.742;0
499.814;0
499.884;0
vMx
499.96;2
500.035;2
500.104;2
500.175;3
500.249;3
500.323;3
500.395;3
500.471;3
500.543;3
500.615;4
500.691;4
500.758;4
500.832;4
500.907;4
500.982;4
501.05;5
501.121;5
501.197;5
501.265;5
501.341;5
501.416;5
501.487;6
501.565;6
501.638;6
501.71;6
501.783;6
501.858;6
501.924;7
502.001;7
502.077;7
502.142;7
Mn
502.216;7
502.293;8
502.361;8
502.434;8
502.51;8
502.576;8
502.656;8
502.726;9
502.801;9
502.873;9
502.943;9
503.017;9
503.088;9
503.172;10
503.238;10
503.313;10
503.38;10
503.46;10
503.526;10
FA
503.604;0
503.67;0
503.744;0
503.818;0
503.893;0
503.965;0
504.039;0
504.114;0
504.189;0
504.256;0
504.33;0
504.402;0
504.474;0
vMx
FA
504.545;0
504.622;0
504.698;0
504.769;0
504.842;0
504.919;0
Mn
504.985;0
505.057;0
505.136;0
505.209;0
505.28;0
505.351;0
505.422;0
vMx
FT
505.493;0
505.571;0
505.639;0
505.719;0
505.792;0
505.859;0
505.931;0
Mn
506.006;0
506.076;0
506.15;0
506.223;0
vMx
FT
506.294;0
506.376;0
506.44;0
506.516;0
506.593;0
506.667;0
506.736;0
506.81;0
506.886;0
506.954;0
507.024;0
Mn
507.099;0
507.172;0
507.24;0
507.318;0
Mx
507.386;0
507.468;0
507.536;0
507.603;0
507.679;0
507.755;0
507.823;0
507.904;0
Mn
507.974;0
508.042;0
508.115;0
Mx
508.191;0
508.259;0
508.335;0
508.409;0
508.481;0
508.554;0
508.626;0
508.696;0
508.773;0
508.848;0
508.918;0
508.994;0
509.068;0
509.136;0
509.214;0
509.284;0
Mn
509.354;0
509.428;0
509.498;0
509.576;0
509.649;0
509.717;0
509.792;0
509.87;0
509.947;0
510.012;0
510.091;0
510.166;0
510.231;0
510.306;0
510.375;0
510.445;0
510.525;0
510.596;0
510.664;0
510.738;0
510.814;0
510.883;0
510.955;0
vMx
FT
511.03;0
511.105;0
511.18;0
511.249;0
511.32;0
511.395;0
511.468;0
511.537;0
511.614;0
511.684;0
511.757;0
511.832;0
511.906;0
511.976;0
512.053;0
512.126;0
512.196;0
512.272;0
512.341;0
512.415;0
512.49;0
512.563;0
512.637;0
512.711;0
512.782;0
512.855;0
512.929;0
513.001;0
513.067;0
513.144;0
513.214;0
Mn
513.284;0
513.367;0
513.447;0
513.507;0
513.585;0
513.657;0
513.729;0
513.808;0
513.872;0
513.945;0
514.013;0
514.09;0
514.167;0
514.235;0
514.314;0
514.381;0
514.458;0
514.531;0
514.601;0
514.677;0
514.748;0
514.817;0
514.89;0
514.969;0
515.037;0
515.113;0
515.186;0
515.256;0
515.328;0
vMx
515.401;2
515.475;2
515.551;2
515.623;2
515.691;3
515.77;3
515.844;3
515.91;3
515.988;3
516.056;3
516.129;4
516.205;4
516.278;4
516.347;4
516.419;4
516.496;4
516.566;5
516.64;5
516.711;5
516.782;5
516.864;5
516.929;5
517.002;6
517.077;6
517.154;6
517.226;6
517.298;6
517.367;6
517.441;7
517.517;7
517.586;7
517.658;7
517.735;7
Mn
517.809;7
517.878;8
517.95;8
518.023;8
518.101;8
518.17;8
518.246;8
518.321;9
518.391;9
518.463;9
518.534;9
518.607;9
518.68;9
518.753;10
518.832;10
518.896;10
518.965;10
519.045;10
519.115;10
519.193;1
519.266;1
519.336;1
519.403;1
519.482;1
519.552;1
519.627;2
519.697;2
519.771;2
519.848;2
519.918;2
519.989;2
520.064;3
520.139;3
vMx
520.212;2
520.282;2
520.356;2
520.431;2
520.495;2
520.58;3
520.648;3
520.716;3
520.794;3
520.867;3
520.942;3
521.012;3
521.08;4
521.157;4
521.232;4
521.301;4
521.371;4
521.443;4
521.525;5
521.591;5
521.669;5
521.743;5
521.819;5
521.893;5
521.961;5
522.037;6
522.102;6
522.174;6
522.249;6
Mn
522.323;6
522.394;6
522.468;7
522.544;7
522.613;7
522.689;7
522.761;7
522.829;7
522.899;7
522.971;8
523.054;8
523.125;8
523.199;8
523.27;8
523.339;8
523.419;9
523.491;9
523.56;9
523.634;9
523.706;9
523.779;9
523.853;9
523.923;10
523.999;10
524.069;10
524.141;10
524.216;10
524.292;10
vMx
524.361;2
524.432;2
524.505;2
524.583;3
524.653;3
524.733;3
524.802;3
524.872;3
524.945;3
525.022;4
525.097;4
525.167;4
525.241;4
525.313;4
525.385;5
525.455;5
525.525;5
525.598;5
525.671;5
525.744;5
525.818;6
525.892;6
525.964;6
526.034;6
526.111;6
526.18;6
526.255;7
526.326;7
526.399;7
526.474;7
526.552;7
Mn
526.621;7
526.691;8
526.769;8
526.835;8
526.91;8
526.986;8
527.057;9
527.134;9
527.212;9
527.283;9
527.352;9
527.428;9
527.494;10
527.573;10
527.645;10
527.716;10
527.789;10
527.858;10
527.928;1
528.003;1
528.076;1
528.151;1
528.223;1
528.298;2
528.37;2
528.445;2
528.516;2
528.59;2
vMx
528.657;2
528.735;2
528.805;2
528.879;2
528.949;3
529.018;3
529.095;3
529.17;3
529.244;3
529.316;4
529.387;4
529.465;4
529.539;4
529.605;4
529.679;4
529.751;5
529.826;5
529.894;5
529.976;5
530.045;5
530.122;5
530.198;6
530.262;6
530.332;6
530.406;6
530.485;6
530.556;6
530.626;7
530.699;7
530.768;7
Mn
530.845;7
530.918;7
530.991;7
531.065;8
531.144;8
531.214;8
531.282;8
531.363;8
531.425;8
531.501;9
531.576;9
531.645;9
531.72;9
531.792;9
531.866;9
531.939;10
532.013;10
532.081;10
532.17;10
532.234;10
532.303;10
532.382;1
532.444;1
532.524;1
532.594;1
532.668;1
532.738;1
532.816;2
532.884;2
532.959;2
vMx
533.033;2
533.104;2
533.176;2
533.258;2
533.328;3
533.396;3
533.469;3
533.54;3
533.614;3
533.685;3
533.763;4
533.834;4
533.905;4
533.977;4
534.052;4
534.127;4
534.198;5
534.265;5
534.339;5
534.417;5
534.488;5
534.566;5
534.636;6
534.705;6
534.778;6
534.853;6
534.923;6
534.998;6
535.074;7
535.146;7
Mn
535.218;7
535.287;7
535.359;7
535.438;7
535.508;8
535.582;8
535.653;8
535.729;8
535.796;8
535.875;8
535.942;9
536.017;9
536.09;9
536.162;9
536.232;9
536.307;9
536.381;10
536.453;10
536.524;10
536.598;10
536.673;10
536.743;10
536.816;1
536.893;1
536.966;1
537.039;1
537.109;1
537.18;1
537.257;2
537.326;2
vMx
537.401;2
537.475;2
537.547;2
537.62;2
537.694;3
537.762;3
537.84;3
537.912;3
537.983;3
538.06;3
538.136;4
538.202;4
538.273;4
538.352;4
538.418;4
538.494;4
538.567;5
538.637;5
538.712;5
538.785;5
538.86;5
538.934;5
539.006;6
539.074;6
539.146;6
539.224;6
539.292;6
539.367;6
539.442;7
539.515;7
539.596;7
Mn
539.662;7
539.729;7
539.802;7
539.876;8
539.949;8
540.023;8
540.098;8
540.167;8
540.24;8
540.322;9
540.388;9
540.461;9
540.536;9
540.605;9
540.681;9
540.753;10
540.825;10
540.9;10
540.971;10
541.047;10
541.117;10
541.193;1
541.263;1
541.339;1
541.413;1
541.48;1
541.555;1
541.628;2
541.699;2
541.769;2
541.843;2
541.919;2
541.986;2
542.06;3
vMx
542.137;2
542.213;2
542.285;2
FA
542.354;0
542.429;0
542.504;0
542.574;0
542.646;0
542.718;0
542.791;0
542.862;0
542.939;0
543.008;0
543.083;0
543.157;0
543.228;0
543.302;0
543.377;0
543.455;0
543.524;0
543.596;0
543.666;0
543.742;0
543.817;0
543.886;0
543.953;0
544.032;0
544.102;0
Mn
544.177;0
544.251;0
544.321;0
544.399;0
544.472;0
544.542;0
544.612;0
544.684;0
544.754;0
544.83;0
544.899;0
544.976;0
545.05;0
545.121;0
545.194;0
545.266;0
545.343;0
545.415;0
545.489;0
545.559;0
545.628;0
545.703;0
545.787;0
545.858;0
545.926;0
545.994;0
546.07;0
vMx
546.143;2
546.214;2
546.286;2
546.365;3
546.435;3
546.509;3
546.58;3
546.652;3
546.72;4
546.802;4
546.875;4
546.948;4
547.019;4
547.096;4
547.165;5
547.237;5
547.308;5
547.379;5
547.456;5
547.527;6
547.601;6
547.669;6
547.743;6
547.82;6
547.894;6
547.967;7
548.038;7
Mn
548.112;7
548.184;7
548.258;7
548.336;8
548.405;8
548.473;8
548.546;8
548.618;8
548.695;8
548.765;9
548.837;9
548.914;9
548.992;9
549.062;9
549.132;10
549.203;10
549.278;10
549.346;10
549.422;10
549.491;10
549.564;1
549.639;1
549.716;1
549.784;1
549.858;1
549.935;2
550.003;2
550.077;2
vMx
550.153;2
550.223;2
550.295;2
550.37;3
550.438;3
550.516;3
550.588;3
550.657;3
550.733;4
550.809;4
550.878;4
550.952;4
551.025;4
551.094;4
551.177;5
551.243;5
551.311;5
551.391;5
551.461;5
551.531;6
551.603;6
551.679;6
551.752;6
551.825;6
551.9;6
551.968;7
552.048;7
Mn
552.12;7
552.191;7
552.265;7
552.339;8
552.409;8
552.487;8
552.555;8
552.624;8
552.699;8
552.772;9
552.842;9
552.919;9
552.99;9
553.065;9
553.138;10
553.212;10
553.282;10
553.354;10
553.429;10
553.503;10
553.575;1
553.648;1
553.718;1
553.794;1
553.864;1
553.933;2
554.01;2
554.083;2
554.16;2
554.234;2
554.306;2
554.375;3
vMx
554.451;2
554.521;2
554.598;2
554.67;2
554.739;3
554.82;3
554.891;3
554.963;3
555.028;3
555.102;3
555.177;4
555.25;4
555.323;4
555.394;4
555.468;4
555.541;5
555.618;5
555.683;5
555.756;5
555.829;5
555.905;5
555.978;6
556.052;6
556.125;6
556.195;6
Mn
556.269;6
556.341;6
556.414;7
556.486;7
556.557;7
556.633;7
556.708;7
556.776;7
556.855;8
556.927;8
556.994;8
557.069;8
557.143;8
557.214;8
557.287;9
557.362;9
557.432;9
557.508;9
557.581;9
557.651;9
557.726;10
557.799;10
557.87;10
557.948;10
558.014;10
558.087;10
558.162;1
vMx
558.235;2
558.305;2
558.385;3
558.454;3
558.53;3
558.601;3
558.676;3
558.742;4
558.825;4
558.9;4
558.962;4
559.038;4
559.109;5
559.185;5
559.261;5
559.327;5
559.399;5
559.478;5
559.543;6
559.62;6
559.692;6
559.765;6
559.837;6
559.91;7
559.985;7
Mn
560.053;7
560.133;7
560.203;7
560.272;8
560.346;8
560.42;8
560.494;8
560.571;8
560.644;9
560.711;9
560.785;9
560.858;9
560.931;9
561.005;10
561.078;10
561.148;10
561.226;10
561.301;10
561.369;10
561.447;1
561.521;1
561.592;1
561.663;1
561.734;1
561.805;2
561.879;2
561.953;2
562.024;2
562.096;2
vMx
562.172;2
562.243;2
562.324;3
562.392;3
562.461;3
562.534;3
562.608;3
562.681;3
562.75;4
562.825;4
562.899;4
562.972;4
563.046;4
563.113;5
563.185;5
563.262;5
563.333;5
563.408;5
563.486;5
563.555;6
563.628;6
563.699;6
563.766;6
Mn
563.85;6
563.921;7
563.994;7
564.069;7
564.135;7
564.207;7
564.281;7
564.358;8
564.426;8
564.51;8
564.57;8
564.649;8
564.718;9
564.793;9
564.863;9
564.939;9
565.011;9
565.082;10
565.155;10
565.229;10
565.307;10
565.372;10
565.447;10
565.521;1
565.592;1
565.666;1
565.737;1
565.813;1
565.885;2
vMx
565.959;2
566.031;2
566.105;3
566.173;3
566.257;3
566.323;3
566.395;3
566.467;4
566.541;4
566.612;4
566.687;4
566.761;4
566.83;4
566.901;5
566.978;5
567.046;5
567.121;5
567.194;5
567.269;6
567.342;6
567.424;6
567.482;6
567.558;6
567.635;7
567.705;7
567.778;7
567.852;7
567.919;7
FA
567.995;0
Mn
568.071;0
568.139;0
568.217;0
568.295;0
568.361;0
568.439;0
568.506;0
568.578;0
568.658;0
568.725;0
568.794;0
568.869;0
568.941;0
569.015;0
569.088;0
569.162;0
569.235;0
569.308;0
569.38;0
569.454;0
569.526;0
569.598;0
569.667;0
569.746;0
569.82;0
569.89;0
569.964;0
570.037;0
vMx
570.104;2
570.183;2
570.258;2
570.33;3
570.403;3
570.477;3
570.545;3
570.62;3
570.693;3
570.764;4
570.842;4
570.918;4
570.98;4
571.061;4
571.135;5
571.2;5
571.274;5
571.347;5
tMax1.5474e+06ns;tMean186756ns;tStd33213.3ns