2021_11_30_Sarah_RespSignal_20211130_171956_clean_half.csv;0;75
407.879
407.947
408.03
408.102
408.17
fc0.33fs14.7059a0.131304
408.244
408.321
408.389
408.465
408.537
408.605
408.681
408.754
408.83
408.902
408.973
409.051
409.118
409.195
409.263
409.334
409.408
409.482
409.559
409.629
409.699
409.773
409.85
409.92
409.989
410.072
410.139
410.211
410.286
410.356
410.435
410.507
410.575
410.645
410.722
410.799
410.868
410.946
411.011
411.089
411.161
411.232
411.308
411.381
411.45
411.522
411.596
411.665
411.744
411.813
411.884
411.957
412.03
412.104
412.185
412.254
412.324
412.4
412.476
412.544
412.621
412.688
412.762
412.836
412.909
412.974
413.05
413.125
413.196
413.27
413.341
413.413
413.488
413.561
413.631
413.709
413.788
413.85
413.927
413.997
414.071
414.15
414.222
414.287
414.365
414.44
414.512
414.581
414.658
414.725
414.799
414.874
414.945
415.018
415.094
415.165
415.239
415.31
415.386
415.458
415.53
415.603
415.679
415.749
415.818
415.893
415.967
416.04
416.112
416.184
416.252
416.335
416.409
416.483
416.552
416.628
416.697
416.77
416.844
416.914
416.985
417.061
417.127
417.206
417.279
417.347
417.422
417.495
417.568
417.639
417.714
417.792
417.861
417.937
418.005
418.081
418.153
418.221
418.295
418.368
418.448
418.517
418.59
418.662
418.738
418.807
418.879
418.953
419.024
419.098
419.174
419.245
419.315
419.386
419.463
419.537
419.608
419.68
419.748
419.83
419.902
419.983
420.053
420.122
420.188
420.262
420.336
420.408
420.481
420.559
420.628
420.7
420.78
420.846
420.923
420.996
421.062
421.136
421.217
421.283
421.361
421.434
421.504
421.577
421.652
421.719
PRS:415.458;417.937;419.608;0.501466
421.794;7
421.867;7
Mn
421.944;7
422.018;8
422.088;8
422.16;8
422.235;8
422.305;8
422.373;8
422.452;9
422.524;9
422.596;9
422.667;9
422.741;9
422.811;9
422.883;10
422.959;10
423.028;10
423.103;10
423.18;10
423.246;10
423.321;1
423.397;1
423.468;1
423.543;1
423.613;1
423.685;2
vMx
423.763;2
423.835;2
423.908;2
423.981;3
424.053;3
424.123;3
424.202;3
424.27;3
424.346;4
424.415;4
424.489;4
424.558;4
424.634;4
424.708;4
424.778;5
424.856;5
424.926;5
425.001;5
425.071;5
425.145;6
425.214;6
425.29;6
425.361;6
425.432;6
425.517;7
425.586;7
425.657;7
425.732;7
425.804;7
425.869;7
425.944;8
Mn
426.022;8
426.09;8
426.165;8
426.241;8
426.314;8
426.382;9
426.456;9
426.531;9
426.6;9
426.676;9
426.746;10
426.822;10
426.893;10
426.964;10
427.04;10
427.113;10
427.183;1
427.255;1
427.327;1
427.398;1
427.481;1
427.55;2
vMx
427.62;2
427.695;2
427.766;3
427.839;3
427.916;3
427.984;3
428.06;3
428.136;3
428.202;4
428.274;4
428.352;4
428.422;4
428.5;4
428.57;5
428.642;5
428.713;5
428.784;5
428.86;5
428.93;6
429.004;6
429.075;6
429.156;6
429.227;6
429.299;6
429.367;7
429.447;7
429.519;7
429.586;7
429.662;7
Mn
429.734;8
429.805;8
429.876;8
429.952;8
430.028;8
430.1;9
430.169;9
430.24;9
430.314;9
430.388;9
430.461;10
430.535;10
430.617;10
430.683;10
430.757;10
430.826;10
430.895;1
430.974;1
431.048;1
431.117;1
431.195;1
431.266;2
vMx
431.33;2
431.408;2
431.481;3
431.551;3
431.628;3
431.703;3
431.77;3
431.85;4
431.918;4
431.988;4
432.068;4
432.14;4
432.213;5
432.284;5
432.354;5
432.424;5
432.507;5
432.578;6
432.648;6
432.727;6
432.794;6
432.869;6
432.939;7
433.013;7
Mn
433.086;7
433.161;7
433.231;7
FA
433.3;0
433.378;0
433.451;0
433.529;0
433.603;0
433.669;0
433.738;0
433.817;0
433.892;0
433.959;0
434.032;0
434.104;0
434.18;0
434.254;0
434.327;0
434.39;0
434.468;0
434.544;0
434.611;0
434.686;0
434.761;0
434.83;0
434.904;0
434.98;0
435.056;0
435.129;0
435.195;0
435.268;0
435.341;0
435.414;0
435.488;0
435.564;0
435.636;0
435.709;0
435.785;0
435.857;0
vMx
FA
435.927;0
435.999;0
436.071;0
436.144;0
Mn
436.214;0
436.287;0
436.359;0
436.435;0
436.508;0
436.577;0
436.653;0
436.726;0
vMx
FT
436.802;0
436.881;0
436.946;0
437.017;0
437.095;0
437.165;0
Mn
437.239;0
437.311;0
437.385;0
437.452;0
437.528;0
437.601;0
437.674;0
437.747;0
vMx
FT
437.817;0
437.893;0
437.965;0
438.04;0
438.111;0
Mn
438.186;0
438.26;0
438.334;0
438.402;0
438.477;0
438.555;0
438.626;0
vMx
FT
438.694;0
438.768;0
438.846;0
438.913;0
438.986;0
439.061;0
439.134;0
439.203;0
439.282;0
439.354;0
439.421;0
439.491;0
439.566;0
439.639;0
439.712;0
439.787;0
439.867;0
439.941;0
440.016;0
440.078;0
440.151;0
440.225;0
440.296;0
440.374;0
440.447;0
440.513;0
440.589;0
440.665;0
440.73;0
440.807;0
Mn
440.876;0
440.951;0
441.028;0
441.104;0
441.168;0
441.243;0
441.314;0
441.386;0
441.463;0
441.532;0
441.607;0
441.679;0
441.751;0
441.826;0
441.907;0
441.977;0
442.043;0
442.117;0
442.188;0
442.264;0
442.337;0
442.41;0
442.482;0
442.559;0
vMx
FT
442.632;0
442.7;0
442.773;0
442.844;0
442.919;0
442.995;0
443.066;0
443.135;0
443.211;0
443.285;0
443.353;0
443.426;0
443.506;0
443.569;0
443.654;0
443.724;0
443.791;0
443.869;0
443.941;0
444.017;0
444.084;0
444.156;0
444.227;0
444.303;0
444.38;0
444.45;0
444.521;0
444.595;0
444.667;0
444.744;0
444.816;0
444.886;0
444.961;0
Mn
445.035;0
445.106;0
445.181;0
445.257;0
445.324;0
445.394;0
445.466;0
445.544;0
445.614;0
445.689;0
445.758;0
445.833;0
445.905;0
445.98;0
446.056;0
446.134;0
446.206;0
446.272;0
446.342;0
446.417;0
446.491;0
446.558;0
446.634;0
446.711;0
446.782;0
446.853;0
446.922;0
vMx
447.002;2
447.074;2
447.146;2
447.219;2
447.29;3
447.362;3
447.437;3
447.508;3
447.584;3
447.657;3
447.726;4
447.802;4
447.872;4
447.945;4
448.022;4
448.098;4
448.166;5
448.238;5
448.311;5
448.385;5
448.456;5
448.53;5
448.601;6
448.674;6
448.748;6
448.816;6
448.893;6
448.965;6
449.043;7
449.117;7
449.193;7
449.256;7
449.327;7
449.401;7
449.471;8
449.547;8
Mn
449.622;8
449.693;8
449.77;8
449.84;8
449.911;9
449.984;9
450.06;9
450.128;9
450.206;9
450.279;9
450.352;10
450.425;10
450.495;10
450.57;10
450.637;10
450.717;10
450.787;1
450.856;1
450.932;1
451.002;1
451.08;1
451.149;1
451.228;2
451.299;2
451.367;2
451.439;2
vMx
451.518;2
451.59;2
451.658;2
451.734;2
451.81;3
451.879;3
451.954;3
452.028;3
452.097;3
452.172;3
452.243;4
452.316;4
452.388;4
452.46;4
452.534;4
452.606;4
452.678;5
452.754;5
452.828;5
452.902;5
452.972;5
453.046;5
453.121;5
453.188;6
453.271;6
453.341;6
453.407;6
453.482;6
453.556;6
453.628;7
453.701;7
453.771;7
Mn
453.855;7
453.923;7
454;7
454.067;8
454.138;8
454.209;8
454.278;8
454.358;8
454.431;8
FA
454.502;0
454.574;0
454.648;0
454.722;0
454.792;0
454.864;0
454.934;0
455.013;0
455.087;0
455.163;0
455.228;0
455.302;0
455.376;0
455.455;0
455.524;0
455.592;0
455.67;0
vMx
455.737;2
455.811;2
455.888;2
455.958;3
456.031;3
456.105;3
456.18;3
456.25;3
456.322;3
456.396;4
456.471;4
456.542;4
456.614;4
456.687;4
456.761;4
456.834;5
456.908;5
456.976;5
457.049;5
457.121;5
457.199;5
457.272;6
457.343;6
457.415;6
457.487;6
457.558;6
457.636;7
457.708;7
457.781;7
457.858;7
457.927;7
457.996;7
458.073;8
Mn
458.145;8
458.215;8
458.288;8
458.36;8
458.435;8
458.51;9
458.582;9
458.653;9
458.728;9
458.798;9
458.873;9
458.95;10
459.021;10
459.092;10
459.164;10
459.238;10
459.306;10
459.386;1
459.462;1
459.53;1
459.601;1
459.674;1
459.745;2
459.818;2
vMx
459.891;2
459.963;2
460.041;2
460.115;3
460.181;3
460.254;3
460.327;3
460.401;3
460.474;3
460.546;4
460.627;4
460.693;4
460.769;4
460.839;4
460.913;5
460.996;5
461.058;5
461.133;5
461.204;5
461.276;5
461.349;6
461.422;6
461.493;6
461.571;6
461.64;6
461.716;6
461.786;7
461.859;7
461.931;7
462.015;7
462.079;7
462.151;8
462.225;8
462.298;8
462.369;8
FA
462.449;0
Mn
462.519;0
462.589;0
462.66;0
462.734;0
462.803;0
462.88;0
462.955;0
463.027;0
463.104;0
463.177;0
463.244;0
463.315;0
463.396;0
463.465;0
463.533;0
463.606;0
463.683;0
463.758;0
463.824;0
463.896;0
463.97;0
464.044;0
464.116;0
464.189;0
464.268;0
vMx
464.337;2
464.41;2
464.481;2
464.552;2
464.633;3
464.701;3
464.768;3
464.845;3
464.929;3
464.991;3
465.066;4
465.138;4
465.207;4
465.283;4
465.357;4
465.429;4
465.499;5
465.575;5
465.647;5
465.722;5
465.797;5
465.867;5
465.944;6
466.016;6
466.089;6
466.157;6
466.232;6
466.3;6
466.377;7
466.45;7
466.522;7
Mn
466.594;7
466.669;7
466.737;7
FA
466.811;0
466.884;0
466.955;0
467.03;0
467.103;0
467.179;0
467.252;0
467.329;0
467.398;0
467.469;0
467.545;0
467.613;0
467.686;0
467.76;0
467.837;0
467.912;0
467.977;0
468.048;0
468.129;0
468.199;0
468.271;0
vMx
468.346;2
468.416;2
468.49;2
468.571;3
468.636;3
468.708;3
468.782;3
468.853;3
468.922;4
468.995;4
469.071;4
469.141;4
469.217;4
469.289;4
469.365;5
469.437;5
469.509;5
469.584;5
469.653;5
469.727;6
469.793;6
469.872;6
469.945;6
470.015;6
470.092;6
470.165;7
470.235;7
Mn
470.31;7
470.382;7
470.455;7
470.526;8
470.602;8
470.671;8
470.749;8
470.818;8
470.891;8
470.965;9
471.039;9
471.108;9
471.185;9
471.254;9
471.34;10
471.405;10
471.475;10
471.545;10
471.618;10
471.695;10
471.767;1
471.839;1
471.912;1
471.981;1
vMx
472.059;2
472.134;2
472.208;3
472.282;3
472.349;3
472.42;3
472.495;3
472.567;4
472.637;4
472.714;4
472.789;4
472.854;4
472.933;5
473.002;5
473.081;5
473.152;5
473.223;5
473.294;6
473.368;6
473.441;6
473.516;6
473.588;6
473.661;7
473.731;7
473.801;7
473.883;7
473.951;7
474.027;8
474.1;8
474.168;8
Mn
474.247;8
474.319;8
474.391;9
474.462;9
474.536;9
FA
474.611;0
474.684;0
474.759;0
474.829;0
474.903;0
474.974;0
475.043;0
475.117;0
475.191;0
475.263;0
475.339;0
475.411;0
475.48;0
475.554;0
475.626;0
475.7;0
475.777;0
475.848;0
475.918;0
475.997;0
vMx
476.07;2
476.136;2
476.213;2
476.283;3
476.356;3
476.426;3
476.501;3
476.579;3
476.652;4
476.727;4
476.794;4
476.867;4
476.94;4
477.011;4
477.086;5
477.158;5
477.235;5
477.303;5
477.376;5
477.446;6
477.522;6
477.599;6
477.67;6
477.734;6
477.813;6
477.888;7
477.961;7
478.041;7
478.104;7
Mn
478.18;7
478.249;8
478.325;8
478.394;8
478.466;8
478.542;8
478.61;8
478.69;9
478.76;9
478.835;9
478.903;9
478.986;9
479.057;10
479.123;10
479.195;10
479.269;10
479.345;10
479.415;10
479.492;1
479.563;1
479.634;1
479.707;1
479.777;1
479.85;2
479.925;2
vMx
479.999;2
480.073;2
480.144;3
480.213;3
480.29;3
480.367;3
480.437;3
480.504;3
480.58;4
480.653;4
480.727;4
480.796;4
480.878;4
480.951;5
481.015;5
481.093;5
481.158;5
481.237;5
481.31;5
481.377;6
481.453;6
481.53;6
481.601;6
481.676;6
481.746;7
481.829;7
481.892;7
481.964;7
482.035;7
482.114;8
Mn
482.185;8
482.256;8
482.327;8
482.405;8
482.471;8
482.547;9
482.623;9
482.69;9
482.764;9
482.845;9
482.911;10
482.984;10
483.059;10
483.134;10
483.207;10
483.278;10
483.35;1
483.422;1
483.494;1
483.566;1
483.638;1
483.713;2
483.782;2
483.861;2
vMx
483.936;2
484.011;2
484.087;3
484.154;3
484.222;3
FA
484.301;0
484.369;0
484.44;0
484.515;0
484.594;0
484.664;0
484.739;0
484.81;0
484.876;0
484.958;0
485.025;0
485.097;0
485.172;0
485.244;0
485.317;0
485.386;0
485.468;0
485.531;0
485.606;0
485.688;0
485.758;0
485.824;0
485.9;0
485.966;0
486.045;0
Mn
486.117;0
486.19;0
486.261;0
486.336;0
486.408;0
486.486;0
486.554;0
486.626;0
486.707;0
486.78;0
486.852;0
486.921;0
486.992;0
487.067;0
487.139;0
487.21;0
487.276;0
487.356;0
487.423;0
487.503;0
487.575;0
487.645;0
487.719;0
487.795;0
487.866;0
vMx
487.935;2
488.01;2
488.085;2
488.152;3
488.227;3
488.31;3
488.377;3
488.452;3
488.525;4
488.592;4
488.666;4
488.737;4
488.812;4
488.888;4
488.961;5
489.029;5
489.104;5
489.176;5
489.244;5
489.327;6
489.397;6
489.467;6
489.541;6
489.613;6
489.689;6
489.761;7
489.832;7
489.906;7
489.985;7
Mn
490.059;7
490.121;8
490.195;8
490.268;8
490.344;8
490.416;8
490.488;8
490.559;9
490.638;9
490.71;9
490.782;9
490.856;9
490.925;10
491.001;10
491.074;10
491.146;10
491.214;10
491.292;10
491.359;1
491.435;1
491.509;1
491.581;1
491.648;1
491.726;2
491.8;2
vMx
491.871;2
491.941;2
492.016;3
492.089;3
492.161;3
492.233;3
492.309;3
492.381;3
492.459;4
492.53;4
492.602;4
492.678;4
492.746;4
492.823;5
492.898;5
492.963;5
493.035;5
493.113;5
493.181;5
493.256;6
493.329;6
493.401;6
493.478;6
493.551;6
493.62;7
493.7;7
493.769;7
493.837;7
493.912;7
493.987;8
Mn
494.057;8
494.135;8
494.203;8
494.274;8
494.352;8
494.424;9
494.494;9
494.565;9
494.646;9
494.714;9
494.791;10
494.86;10
494.926;10
495.01;10
495.078;10
495.15;10
495.221;1
495.297;1
495.371;1
495.442;1
495.516;1
495.584;2
495.656;2
vMx
495.737;2
495.802;2
495.881;3
495.951;3
496.025;3
496.097;3
496.171;3
496.247;4
496.318;4
496.391;4
496.458;4
496.535;4
496.607;4
496.678;5
496.756;5
496.829;5
496.897;5
496.971;5
497.044;6
497.116;6
497.194;6
497.265;6
497.332;6
497.411;7
497.485;7
497.554;7
497.629;7
497.705;7
497.769;7
497.849;8
497.926;8
497.991;8
FA
498.063;0
Mn
498.14;0
498.209;0
498.281;0
498.354;0
498.43;0
498.502;0
498.573;0
498.648;0
498.719;0
498.792;0
498.867;0
498.94;0
499.01;0
499.083;0
499.16;0
499.233;0
499.299;0
499.372;0
499.447;0
499.522;0
499.593;0
499.667;0
499.742;0
499.814;0
499.884;0
vMx
499.96;2
500.035;2
500.104;2
500.175;3
500.249;3
500.323;3
500.395;3
500.471;3
500.543;3
500.615;4
500.691;4
500.758;4
500.832;4
500.907;4
500.982;4
501.05;5
501.121;5
501.197;5
501.265;5
501.341;5
501.416;5
501.487;6
501.565;6
501.638;6
501.71;6
501.783;6
501.858;7
501.924;7
502.001;7
502.077;7
502.142;7
Mn
502.216;7
502.293;8
502.361;8
502.434;8
502.51;8
502.576;8
502.656;8
502.726;9
502.801;9
502.873;9
502.943;9
503.017;9
503.088;9
503.172;10
503.238;10
503.313;10
503.38;10
503.46;10
503.526;10
503.604;1
FA
503.67;0
503.744;0
503.818;0
503.893;0
503.965;0
504.039;0
504.114;0
504.189;0
504.256;0
504.33;0
504.402;0
504.474;0
vMx
FA
504.545;0
504.622;0
504.698;0
504.769;0
504.842;0
504.919;0
Mn
504.985;0
505.057;0
505.136;0
505.209;0
505.28;0
505.351;0
505.422;0
vMx
FT
505.493;0
505.571;0
505.639;0
505.719;0
505.792;0
505.859;0
505.931;0
Mn
506.006;0
506.076;0
506.15;0
506.223;0
vMx
FT
506.294;0
506.376;0
506.44;0
506.516;0
506.593;0
506.667;0
506.736;0
506.81;0
506.886;0
506.954;0
507.024;0
Mn
507.099;0
507.172;0
507.24;0
507.318;0
Mx
507.386;0
507.468;0
507.536;0
507.603;0
507.679;0
507.755;0
507.823;0
507.904;0
Mn
507.974;0
508.042;0
508.115;0
Mx
508.191;0
508.259;0
508.335;0
tMax934400ns;tMean507198ns;tStd108181ns