2021_11_23_Patient29_RespSignal_20211123_170019_clean.csv;0;75
137.923
137.997
138.071
138.142
138.221
fc0.33fs13.5135a0.141986
138.288
138.36
138.434
138.505
138.58
138.65
138.731
138.796
138.869
138.944
139.017
139.09
139.17
139.234
139.31
139.387
139.454
139.528
139.6
139.672
139.745
139.819
139.89
139.966
140.046
140.114
140.186
140.26
140.329
140.398
140.475
140.549
140.618
140.698
140.767
140.841
140.915
140.983
141.056
141.134
141.203
141.281
141.35
141.421
141.495
141.565
141.638
141.712
141.791
141.861
141.933
142.01
142.08
142.149
142.222
142.298
142.367
142.443
142.512
142.586
142.66
142.732
142.803
142.88
142.952
143.025
143.097
143.169
143.242
143.317
143.391
143.465
143.535
143.606
143.681
143.754
143.825
143.896
143.972
144.042
144.121
144.195
144.269
144.335
144.409
144.48
144.554
144.627
144.701
144.776
144.85
144.92
144.993
145.06
145.143
145.211
145.286
145.356
145.429
145.504
145.573
145.64
145.718
145.791
145.866
145.939
146.009
146.084
146.161
146.228
146.301
146.376
146.447
146.526
146.599
146.667
146.738
146.82
146.888
146.958
147.03
147.101
147.176
147.251
147.325
147.39
147.469
147.541
147.618
147.684
147.758
147.836
147.905
147.986
148.058
148.134
148.198
148.276
148.342
148.412
148.486
148.564
148.638
148.704
148.78
148.851
148.932
149.003
149.074
149.149
149.222
149.292
149.359
149.441
PRS:143.465;145.573;147.541;0.245607
149.508;6
149.581;6
149.659;6
149.731;6
149.803;7
149.875;7
149.947;7
150.019;7
150.091;7
150.159;8
150.239;8
150.307;8
150.378;8
150.464;8
FA
150.529;0
150.598;0
150.672;0
150.742;0
150.822;0
150.897;0
150.968;0
Mn
151.039;0
Mx
151.113;0
151.183;0
151.256;0
151.332;0
Mn
151.406;0
151.474;0
151.547;0
151.621;0
151.693;0
151.764;0
151.842;0
151.913;0
151.984;0
152.058;0
152.13;0
152.203;0
152.28;0
152.349;0
152.42;0
152.496;0
152.569;0
152.64;0
152.72;0
152.788;0
152.858;0
152.933;0
153.003;0
153.079;0
153.157;0
153.225;0
153.295;0
153.367;0
153.44;0
153.518;0
153.591;0
153.66;0
vMx
FT
153.734;0
153.803;0
153.879;0
153.952;0
154.027;0
154.103;0
154.173;0
154.248;0
154.317;0
154.393;0
154.464;0
154.533;0
154.613;0
154.68;0
154.75;0
154.824;0
154.899;0
154.971;0
155.053;0
155.121;0
155.191;0
155.266;0
155.338;0
155.412;0
155.484;0
155.557;0
155.627;0
155.707;0
155.781;0
155.845;0
Mn
155.92;0
155.993;0
156.064;0
156.141;0
156.216;0
156.284;0
156.359;0
156.428;0
156.497;0
156.574;0
156.649;0
156.717;0
156.794;0
156.865;0
156.94;0
157.009;0
157.081;0
157.158;0
157.234;0
157.3;0
157.382;0
157.449;0
157.525;0
157.595;0
157.663;0
157.74;0
157.812;0
157.885;0
vMx
FT
157.956;0
158.029;0
158.108;0
158.179;0
158.248;0
158.322;0
158.398;0
158.467;0
158.541;0
158.613;0
158.685;0
158.764;0
158.831;0
158.902;0
158.976;0
159.05;0
159.125;0
159.198;0
159.27;0
159.34;0
159.411;0
159.486;0
159.56;0
159.634;0
159.705;0
159.779;0
159.85;0
159.927;0
159.997;0
160.07;0
160.15;0
160.217;0
160.289;0
160.36;0
160.443;0
160.509;0
160.583;0
160.654;0
160.726;0
160.799;0
160.871;0
160.943;0
Mn
161.023;0
161.089;0
161.168;0
161.238;0
161.31;0
161.382;0
161.454;0
161.531;0
161.604;0
161.671;0
161.745;0
161.824;0
161.894;0
161.964;0
162.04;0
162.111;0
162.182;0
162.255;0
162.331;0
162.405;0
162.472;0
162.546;0
162.618;0
162.69;0
162.77;0
162.84;0
162.911;0
162.985;0
163.061;0
163.136;0
163.209;0
vMx
FT
163.274;0
163.347;0
163.419;0
163.495;0
163.564;0
163.637;0
163.712;0
163.791;0
163.861;0
163.931;0
164.006;0
164.078;0
164.156;0
164.229;0
164.299;0
164.367;0
164.445;0
164.514;0
164.589;0
164.661;0
164.733;0
164.809;0
164.884;0
164.95;0
165.025;0
165.101;0
165.171;0
165.247;0
165.317;0
165.385;0
165.465;0
165.531;0
165.606;0
165.678;0
165.76;0
165.83;0
Mn
165.897;0
165.978;0
166.042;0
Mx
166.119;0
166.189;0
166.262;0
166.333;0
166.409;0
166.484;0
166.556;0
166.629;0
Mn
166.697;0
166.771;0
166.848;0
166.921;0
166.99;0
167.061;0
167.133;0
167.209;0
167.289;0
167.352;0
167.427;0
167.5;0
167.573;0
167.646;0
167.725;0
167.796;0
167.867;0
167.941;0
168.015;0
168.085;0
168.165;0
168.237;0
168.308;0
168.378;0
168.453;0
168.522;0
168.595;0
168.67;0
vMx
168.738;1
168.811;1
168.886;1
168.959;2
169.032;2
169.101;2
169.176;2
169.25;2
169.325;2
169.396;2
169.471;3
169.544;3
169.616;3
169.688;3
169.757;3
169.833;3
169.905;3
169.983;3
170.053;4
170.124;4
170.198;4
170.27;4
170.34;4
170.414;4
170.494;4
170.561;5
170.631;5
170.704;5
170.78;5
170.858;5
170.933;5
171.004;5
171.077;5
171.144;6
171.217;6
171.292;6
171.36;6
171.432;6
171.508;6
171.578;6
Mn
171.648;7
171.729;7
Mx
171.796;7
171.874;7
171.948;7
172.014;7
172.087;7
172.159;7
Mn
172.234;8
Mx
172.309;8
172.381;8
172.453;8
172.525;8
Mn
172.601;8
172.671;8
172.748;9
FA
172.815;0
172.891;0
172.963;0
173.035;0
173.108;0
173.183;0
173.252;0
173.33;0
173.401;0
173.471;0
173.548;0
173.621;0
173.697;0
173.766;0
173.838;0
173.913;0
173.982;0
174.057;0
174.127;0
174.201;0
174.276;0
174.355;0
174.424;0
174.498;0
174.566;0
174.636;0
174.711;0
174.781;0
174.855;0
174.931;0
175.012;0
175.073;0
175.149;0
vMx
175.226;1
175.293;1
175.367;1
175.445;1
175.511;2
175.589;2
175.657;2
175.733;2
175.816;2
175.876;2
175.953;2
176.027;2
176.1;2
176.17;3
176.242;3
176.313;3
176.386;3
176.459;3
176.532;3
176.606;3
176.676;3
176.753;3
176.823;4
176.892;4
176.967;4
177.042;4
177.116;4
177.192;4
177.265;4
177.34;4
177.411;4
177.481;5
177.562;5
177.626;5
177.701;5
177.778;5
177.846;5
177.919;5
177.988;5
178.061;5
178.138;6
178.206;6
178.284;6
178.352;6
178.43;6
Mn
178.5;6
Mx
178.575;6
178.648;6
Mn
178.716;7
178.79;7
178.864;7
178.939;7
Mx
179.008;7
179.08;7
179.153;7
179.226;7
Mn
179.299;7
179.372;8
179.444;8
179.521;8
179.592;8
179.664;8
179.736;8
179.81;8
179.886;8
179.955;8
180.032;9
180.101;9
180.171;9
180.247;9
180.323;9
180.397;9
180.46;9
180.54;9
180.614;9
180.685;10
180.757;10
180.83;10
180.901;10
180.975;10
181.048;10
181.123;10
181.194;10
181.262;10
181.34;1
181.414;1
vMx
181.486;1
181.555;1
181.631;1
181.705;1
181.78;2
181.85;2
181.921;2
181.995;2
182.069;2
182.14;2
182.219;2
182.292;2
182.372;3
182.44;3
182.508;3
182.579;3
182.653;3
182.724;3
182.8;3
182.87;3
182.941;3
183.015;4
183.089;4
183.161;4
183.232;4
183.308;4
183.382;4
183.452;4
183.53;4
183.599;4
183.672;5
183.747;5
183.818;5
183.887;5
183.967;5
184.039;5
184.106;5
184.179;5
184.256;6
184.328;6
184.399;6
184.473;6
184.544;6
184.62;6
184.692;6
184.768;6
Mn
184.845;6
Mx
184.911;7
184.984;7
185.055;7
185.126;7
Mn
185.199;7
185.274;7
Mx
185.347;7
185.418;7
185.49;8
185.564;8
Mn
185.636;8
185.712;8
185.784;8
Mx
185.861;8
185.932;8
186.001;8
186.082;8
Mn
186.152;9
186.221;9
186.298;9
186.366;9
FA
186.439;0
186.512;0
186.585;0
186.655;0
186.727;0
186.8;0
186.875;0
186.948;0
187.03;0
187.098;0
187.163;0
187.245;0
187.315;0
187.389;0
187.464;0
187.536;0
187.607;0
187.684;0
187.758;0
187.832;0
187.903;0
187.969;0
188.046;0
188.12;0
188.189;0
188.259;0
188.332;0
vMx
188.406;1
188.482;1
188.555;1
188.627;1
188.695;1
FA
188.771;0
188.843;0
188.914;0
188.989;0
189.062;0
189.136;0
189.209;0
189.281;0
189.355;0
189.426;0
189.498;0
189.574;0
189.647;0
189.719;0
Mn
189.791;0
189.87;0
189.935;0
190.016;0
190.083;0
190.157;0
190.227;0
190.299;0
190.379;0
190.446;0
190.516;0
190.59;0
190.67;0
190.739;0
190.81;0
190.884;0
Mx
190.962;0
191.028;0
191.103;0
191.174;0
191.248;0
191.32;0
191.396;0
191.466;0
191.537;0
191.61;0
191.686;0
191.758;0
191.833;0
191.905;0
191.977;0
Mn
192.054;0
192.124;0
192.198;0
192.27;0
192.34;0
192.414;0
192.487;0
192.563;0
192.632;0
192.705;0
192.775;0
192.847;0
192.927;0
192.995;0
193.066;0
193.144;0
193.215;0
193.29;0
193.365;0
193.434;0
193.512;0
193.581;0
193.651;0
193.723;0
193.801;0
vMx
193.871;1
193.948;1
194.014;1
194.09;2
FA
194.157;0
194.234;0
194.305;0
194.385;0
194.453;0
194.525;0
194.604;0
194.676;0
194.746;0
194.818;0
194.888;0
194.966;0
195.034;0
195.106;0
195.181;0
195.253;0
195.323;0
195.398;0
195.472;0
195.547;0
195.618;0
195.694;0
195.763;0
195.837;0
195.908;0
Mn
195.982;0
Mx
196.055;0
196.126;0
Mn
196.201;0
196.273;0
Mx
196.354;0
196.424;0
196.491;0
196.568;0
196.64;0
196.714;0
196.788;0
196.857;0
196.93;0
197.002;0
197.076;0
197.146;0
197.22;0
197.296;0
197.366;0
197.448;0
197.52;0
197.588;0
Mn
197.656;0
Mx
197.735;0
197.808;0
197.89;0
197.951;0
198.022;0
198.1;0
Mn
198.174;0
Mx
198.24;0
198.319;0
198.389;0
198.458;0
198.534;0
Mn
198.604;0
198.68;0
198.753;0
198.83;0
198.9;0
198.965;0
199.041;0
199.114;0
199.188;0
199.26;0
199.336;0
199.404;0
199.478;0
199.554;0
199.625;0
199.704;0
199.773;0
199.851;0
199.918;0
199.99;0
200.067;0
200.138;0
200.208;0
200.28;0
200.353;0
200.426;0
200.499;0
vMx
200.572;1
200.645;1
200.714;1
200.788;1
200.864;2
200.935;2
201.008;2
201.081;2
201.155;2
201.229;2
201.299;2
201.371;2
201.446;2
201.52;2
201.597;3
201.665;3
201.737;3
201.814;3
201.881;3
201.954;3
202.035;3
202.11;3
202.181;3
202.252;4
202.324;4
202.395;4
202.471;4
202.548;4
202.614;4
202.684;4
202.757;4
202.838;4
202.903;5
202.976;5
203.049;5
203.123;5
203.191;5
203.27;5
203.336;5
203.42;5
Mn
203.491;5
203.557;6
203.631;6
203.709;6
Mx
203.772;6
203.856;6
Mn
203.927;6
Mx
203.994;6
204.068;6
204.143;6
204.211;7
204.289;7
204.362;7
204.434;7
204.506;7
204.577;7
204.653;7
Mn
204.728;7
204.798;7
Mx
204.874;8
204.945;8
205.02;8
205.082;8
205.163;8
205.232;8
205.31;8
205.382;8
Mn
205.457;8
205.525;8
205.595;9
205.676;9
205.748;9
205.815;9
205.894;9
205.961;9
206.032;9
206.107;9
FA
206.181;0
206.26;0
206.327;0
206.399;0
206.473;0
206.547;0
206.621;0
206.7;0
206.768;0
206.843;0
206.913;0
206.985;0
207.057;0
207.129;0
207.202;0
207.276;0
207.345;0
207.418;0
207.488;0
207.567;0
207.64;0
207.716;0
207.788;0
207.859;0
207.935;0
208.008;0
208.079;0
vMx
208.15;1
208.22;1
208.29;1
208.363;1
208.442;1
208.51;1
208.583;2
208.66;2
208.731;2
208.808;2
208.874;2
208.949;2
209.022;2
209.099;2
209.168;2
209.249;2
209.318;3
209.387;3
209.457;3
209.533;3
209.604;3
209.684;3
209.754;3
209.824;3
209.904;3
209.969;3
210.041;4
210.114;4
210.192;4
210.266;4
210.335;4
210.41;4
210.479;4
210.552;4
210.625;4
210.696;4
210.771;4
210.841;5
210.919;5
210.998;5
211.065;5
211.138;5
211.206;5
211.282;5
211.356;5
211.427;5
211.502;5
211.575;6
Mn
211.642;6
211.722;6
211.79;6
211.858;6
211.939;6
212.008;6
Mx
212.08;6
212.154;6
212.226;6
212.299;6
212.37;7
212.445;7
Mn
212.518;7
212.596;7
212.665;7
212.74;7
212.812;7
212.884;7
212.954;7
213.03;7
Mx
213.1;8
213.179;8
213.253;8
213.327;8
213.39;8
213.464;8
Mn
213.541;8
213.611;8
213.688;8
213.761;8
213.833;9
213.902;9
FA
213.976;0
214.051;0
214.122;0
Mx
214.195;0
214.267;0
214.34;0
214.413;0
214.485;0
214.563;0
Mn
214.631;0
214.703;0
214.781;0
214.852;0
214.922;0
215;0
215.072;0
215.14;0
215.221;0
215.291;0
215.359;0
215.431;0
215.508;0
215.58;0
215.65;0
215.722;0
215.796;0
215.869;0
215.941;0
216.016;0
216.095;0
216.164;0
216.239;0
216.31;0
216.38;0
216.452;0
216.523;0
216.599;0
216.675;0
216.743;0
vMx
216.817;1
216.894;1
216.968;1
217.036;1
217.109;1
217.181;1
217.253;1
217.326;2
217.399;2
217.472;2
217.551;2
217.622;2
217.693;2
217.768;2
217.842;2
217.913;2
217.983;2
218.055;2
218.131;2
218.206;3
218.274;3
218.347;3
218.418;3
218.494;3
218.568;3
218.636;3
218.709;3
218.783;3
218.862;3
218.935;3
219.005;3
219.078;4
219.148;4
219.221;4
219.294;4
219.368;4
219.446;4
Mn
219.518;4
Mx
219.59;4
219.659;4
Mn
219.74;4
219.804;4
219.878;4
219.948;5
Mx
220.021;5
220.093;5
Mn
220.172;5
220.243;5
Mx
220.316;5
220.392;5
220.459;5
220.534;5
220.604;5
220.679;5
Mn
220.751;5
220.823;6
220.894;6
220.969;6
221.044;6
221.119;6
221.188;6
Mx
221.268;6
221.334;6
221.402;6
221.487;6
221.551;6
221.625;6
221.7;7
221.772;7
221.845;7
221.916;7
Mn
221.994;7
Mx
222.065;7
222.136;7
222.207;7
222.282;7
222.352;7
222.422;7
Mn
222.499;8
222.57;8
Mx
222.649;8
Mn
222.72;8
222.794;8
222.869;8
222.934;8
223.008;8
223.081;8
Mx
223.156;8
223.224;8
223.304;8
223.374;9
Mn
223.45;9
223.521;9
223.593;9
223.667;9
223.733;9
223.813;9
223.887;9
223.96;9
224.025;9
224.099;9
224.173;9
224.251;10
224.324;10
FA
224.397;0
224.465;0
224.538;0
224.614;0
224.685;0
224.757;0
224.831;0
224.905;0
224.974;0
225.05;0
225.12;0
225.195;0
225.265;0
225.337;0
225.417;0
225.484;0
225.559;0
vMx
225.627;1
225.705;1
225.774;1
225.85;1
225.924;1
225.996;1
226.066;1
226.14;2
226.213;2
226.286;2
226.36;2
226.431;2
226.514;2
226.582;2
226.654;2
226.724;2
226.799;2
226.871;2
226.942;2
227.019;3
227.089;3
227.164;3
227.231;3
227.305;3
227.378;3
227.451;3
227.523;3
227.594;3
227.677;3
227.75;3
227.822;3
227.894;4
227.968;4
228.043;4
228.113;4
228.184;4
228.254;4
228.33;4
228.399;4
Mn
228.474;4
228.552;4
228.617;4
228.698;4
228.767;5
228.839;5
228.915;5
Mx
228.985;5
Mn
229.055;5
229.13;5
Mx
229.204;5
229.273;5
229.351;5
229.419;5
229.494;5
229.569;5
Mn
229.641;5
229.718;6
Mx
229.783;6
Mn
229.857;6
229.93;6
230.009;6
230.074;6
230.148;6
Mx
230.222;6
230.296;6
230.369;6
230.446;6
Mn
230.516;6
230.585;7
230.658;7
230.727;7
230.806;7
230.881;7
230.947;7
FA
231.021;0
231.103;0
231.169;0
231.242;0
231.313;0
231.387;0
231.46;0
231.533;0
231.604;0
231.68;0
231.751;0
231.826;0
231.897;0
231.968;0
232.046;0
232.117;0
232.19;0
232.258;0
232.33;0
232.408;0
vMx
232.482;1
232.554;1
232.621;1
232.697;1
232.769;2
232.847;2
232.918;2
232.988;2
233.062;2
233.132;2
233.204;2
233.28;2
233.351;2
233.429;2
233.498;3
233.571;3
233.646;3
233.718;3
233.79;3
233.865;3
233.939;3
234.009;3
234.086;3
234.149;4
234.226;4
234.303;4
234.373;4
234.448;4
234.523;4
234.602;4
234.669;4
234.736;4
234.814;4
234.885;5
234.956;5
235.038;5
235.101;5
235.176;5
235.249;5
235.319;5
235.392;5
235.471;5
Mn
235.54;6
235.612;6
235.683;6
Mx
235.758;6
Mn
235.83;6
Mx
235.901;6
235.984;6
236.051;6
236.127;6
236.192;7
236.267;7
236.337;7
236.414;7
Mn
236.488;7
236.562;7
236.634;7
236.706;7
236.783;7
236.85;7
Mx
236.928;8
237;8
237.073;8
237.144;8
237.214;8
237.291;8
237.366;8
237.434;8
Mn
237.512;8
237.578;9
237.656;9
237.728;9
237.797;9
FA
237.873;0
237.943;0
238.017;0
238.095;0
238.167;0
238.237;0
238.308;0
238.379;0
238.45;0
238.528;0
238.604;0
238.674;0
238.739;0
238.815;0
238.889;0
238.966;0
239.037;0
239.11;0
239.184;0
239.257;0
239.328;0
239.399;0
239.476;0
239.547;0
239.621;0
239.694;0
239.765;0
239.836;0
239.917;0
239.986;0
240.064;0
240.136;0
240.202;0
240.271;0
240.346;0
vMx
240.415;1
240.492;1
240.57;1
240.635;1
240.711;1
240.788;1
240.859;2
240.934;2
241.01;2
241.078;2
241.149;2
241.223;2
241.291;2
241.37;2
241.443;2
241.512;2
241.584;2
241.659;3
241.734;3
241.807;3
241.876;3
241.951;3
242.03;3
242.099;3
242.168;3
242.238;3
242.314;3
242.386;3
242.463;4
242.535;4
242.605;4
242.675;4
242.751;4
242.825;4
242.898;4
242.965;4
243.044;4
243.121;4
243.192;4
243.262;5
243.336;5
243.41;5
243.483;5
243.55;5
Mn
243.631;5
243.695;5
Mx
243.771;5
243.843;5
243.917;5
243.991;5
244.066;6
244.134;6
244.213;6
244.281;6
244.353;6
Mn
244.425;6
244.498;6
244.572;6
244.65;6
244.715;6
244.787;6
244.863;7
FA
244.941;0
245.009;0
245.083;0
245.151;0
245.227;0
245.302;0
245.382;0
245.444;0
245.519;0
245.59;0
245.669;0
245.742;0
245.814;0
245.88;0
245.956;0
246.029;0
246.104;0
246.174;0
vMx
FT
246.244;0
246.322;0
246.39;0
246.466;0
246.537;0
246.618;0
246.685;0
246.756;0
246.828;0
246.901;0
246.975;0
247.055;0
247.128;0
247.195;0
247.265;0
247.338;0
247.413;0
247.492;0
247.56;0
247.634;0
247.707;0
247.776;0
247.851;0
247.925;0
247.997;0
248.068;0
248.146;0
248.21;0
248.29;0
248.364;0
248.435;0
248.509;0
248.578;0
248.656;0
248.723;0
248.796;0
248.865;0
248.943;0
249.016;0
249.088;0
249.161;0
249.233;0
249.304;0
249.38;0
249.454;0
249.525;0
Mn
249.598;0
249.676;0
249.748;0
249.819;0
249.893;0
Mx
249.968;0
250.035;0
250.108;0
250.179;0
250.253;0
250.328;0
250.399;0
Mn
250.472;0
Mx
250.551;0
250.622;0
Mn
250.688;0
250.764;0
250.84;0
250.914;0
Mx
250.982;0
251.052;0
251.129;0
251.202;0
251.273;0
251.343;0
251.418;0
251.492;0
251.566;0
Mn
251.638;0
251.713;0
251.785;0
251.86;0
251.929;0
252.006;0
252.075;0
Mx
252.153;0
Mn
252.224;0
252.299;0
252.368;0
252.439;0
252.511;0
252.584;0
252.658;0
252.731;0
252.804;0
252.875;0
252.947;0
253.021;0
253.093;0
253.164;0
253.244;0
253.316;0
253.389;0
253.463;0
253.533;0
253.606;0
253.679;0
253.753;0
253.827;0
253.903;0
253.972;0
254.043;0
254.115;0
254.187;0
254.268;0
254.338;0
254.407;0
vMx
FT
254.484;0
254.559;0
254.629;0
254.7;0
254.776;0
254.843;0
254.92;0
254.992;0
255.063;0
255.135;0
255.21;0
255.279;0
255.357;0
255.423;0
255.498;0
255.571;0
255.648;0
255.718;0
255.785;0
255.862;0
255.936;0
256.013;0
256.085;0
256.155;0
256.23;0
256.299;0
256.375;0
256.449;0
256.52;0
256.593;0
256.671;0
256.735;0
256.811;0
256.884;0
256.959;0
257.031;0
257.103;0
257.174;0
Mn
257.247;0
257.319;0
Mx
257.398;0
257.47;0
257.538;0
Mn
257.624;0
257.685;0
Mx
257.755;0
Mn
257.83;0
257.905;0
257.984;0
Mx
258.053;0
258.124;0
258.201;0
258.271;0
Mn
258.34;0
Mx
258.417;0
258.487;0
258.557;0
Mn
258.634;0
258.703;0
Mx
258.78;0
Mn
258.861;0
258.93;0
258.995;0
Mx
259.072;0
259.142;0
259.216;0
259.288;0
Mn
259.362;0
259.436;0
259.506;0
259.58;0
259.653;0
259.727;0
259.797;0
259.874;0
259.943;0
260.013;0
260.09;0
260.159;0
260.24;0
260.307;0
260.381;0
260.455;0
260.526;0
260.6;0
260.674;0
260.745;0
260.82;0
260.89;0
260.969;0
261.037;0
261.113;0
261.182;0
vMx
261.254;1
261.327;1
261.399;1
261.474;1
261.545;2
261.618;2
261.703;2
261.766;2
261.837;2
261.908;2
261.988;2
262.06;2
262.129;2
262.2;2
262.275;3
262.346;3
262.421;3
262.491;3
262.565;3
262.64;3
262.713;3
262.787;3
262.857;3
262.931;4
263.007;4
263.077;4
263.15;4
263.227;4
263.297;4
263.366;4
263.451;4
263.511;4
263.588;5
263.655;5
263.734;5
263.807;5
263.881;5
263.953;5
264.027;5
264.092;5
264.172;5
264.244;5
264.314;6
264.387;6
264.461;6
264.539;6
Mn
264.614;6
264.681;6
Mx
264.751;6
264.824;6
Mn
264.896;6
264.976;7
Mx
265.052;7
265.12;7
Mn
265.19;7
265.265;7
Mx
265.335;7
265.414;7
Mn
265.481;7
265.555;7
265.629;8
265.698;8
265.77;8
Mx
265.845;8
265.916;8
265.991;8
266.063;8
266.138;8
266.208;8
Mn
266.281;8
266.351;9
266.425;9
266.502;9
266.574;9
266.646;9
266.714;9
266.79;9
266.861;9
266.936;9
267.01;10
267.082;10
267.153;10
267.228;10
267.297;10
267.377;10
267.444;10
267.518;10
267.592;10
267.665;1
267.735;1
267.815;1
267.885;1
267.96;1
268.035;1
268.104;1
FA
268.177;0
268.251;0
vMx
268.324;1
268.396;1
268.468;1
268.539;1
268.61;1
268.688;2
268.758;2
268.833;2
268.902;2
268.975;2
269.053;2
269.121;2
269.192;2
269.266;2
269.339;2
269.416;3
269.485;3
269.561;3
269.634;3
269.705;3
269.778;3
269.851;3
269.924;3
269.994;3
270.071;4
270.146;4
270.213;4
270.286;4
270.361;4
270.433;4
270.505;4
270.58;4
270.654;4
270.727;4
270.801;5
270.87;5
270.951;5
271.02;5
Mn
271.087;5
271.163;5
271.233;5
Mx
271.309;5
271.385;5
271.456;5
Mn
271.527;6
Mx
271.6;6
271.67;6
271.751;6
271.814;6
271.889;6
271.964;6
272.038;6
272.115;6
272.179;7
Mn
272.255;7
272.329;7
Mx
272.406;7
272.473;7
Mn
272.548;7
272.626;7
272.693;7
Mx
272.766;7
272.84;7
272.91;8
272.988;8
Mn
273.058;8
273.127;8
273.201;8
273.281;8
273.349;8
273.418;8
273.495;8
273.566;8
273.638;9
273.71;9
273.791;9
273.862;9
273.933;9
274.005;9
274.076;9
274.149;9
274.227;9
274.295;10
274.373;10
274.445;10
274.511;10
274.582;10
274.657;10
274.73;10
274.805;10
274.879;10
274.95;10
275.02;1
275.095;1
275.166;1
275.24;1
275.315;1
275.386;1
275.464;1
275.546;1
275.605;1
vMx
275.678;1
275.75;1
275.823;1
275.892;1
275.975;1
276.041;2
276.114;2
276.186;2
276.263;2
276.334;2
276.407;2
276.479;2
276.55;2
276.622;2
276.696;2
276.77;2
276.845;3
276.92;3
276.987;3
277.058;3
277.131;3
277.205;3
277.286;3
277.352;3
277.426;3
277.506;3
277.573;4
277.649;4
277.72;4
277.791;4
277.864;4
277.936;4
278.009;4
278.08;4
278.156;4
278.227;4
278.293;5
278.375;5
278.447;5
278.52;5
278.594;5
278.664;5
278.737;5
278.813;5
278.883;5
278.954;5
279.034;6
Mn
279.104;6
279.178;6
279.247;6
Mx
279.321;6
279.397;6
279.467;6
279.538;6
279.611;6
Mn
279.681;6
279.755;7
279.831;7
279.9;7
279.975;7
280.045;7
Mx
280.12;7
Mn
280.195;7
280.265;7
280.341;7
Mx
280.412;7
280.489;8
280.562;8
280.629;8
280.7;8
Mn
280.778;8
280.849;8
280.921;8
280.995;8
281.071;8
281.14;8
281.21;9
281.29;9
281.361;9
281.436;9
281.506;9
281.578;9
281.654;9
281.725;9
281.796;9
281.872;9
281.945;10
282.014;10
282.088;10
282.159;10
282.239;10
282.307;10
282.376;10
282.448;10
282.528;10
282.599;10
282.674;1
vMx
282.746;1
282.823;1
282.887;1
282.96;1
283.036;1
283.112;2
283.183;2
283.252;2
283.326;2
283.4;2
283.471;2
283.545;2
283.617;2
283.691;2
283.762;2
283.835;3
283.909;3
283.984;3
284.055;3
284.127;3
284.199;3
284.273;3
284.347;3
284.416;3
284.491;4
284.564;4
284.638;4
284.712;4
284.785;4
284.855;4
284.938;4
285.001;4
285.074;4
285.149;4
285.22;5
285.293;5
285.366;5
285.438;5
285.512;5
285.583;5
285.654;5
Mn
285.73;5
285.804;5
Mx
285.877;5
285.95;6
Mn
286.022;6
Mx
286.095;6
286.171;6
286.241;6
286.313;6
286.384;6
286.457;6
Mn
286.532;6
286.608;7
286.682;7
286.753;7
286.823;7
286.894;7
286.967;7
Mx
287.04;7
287.12;7
287.19;7
287.26;7
287.335;8
287.406;8
Mn
287.486;8
287.555;8
287.624;8
287.698;8
287.777;8
287.845;8
287.919;8
287.988;8
288.058;9
288.134;9
288.211;9
288.28;9
288.357;9
288.427;9
288.498;9
288.569;9
288.644;9
288.718;10
288.787;10
288.868;10
288.935;10
289.013;10
289.089;10
289.157;10
289.227;10
289.297;10
289.368;10
289.444;1
vMx
289.526;1
289.594;1
289.663;1
289.737;1
289.816;2
289.884;2
289.957;2
290.03;2
290.105;2
290.176;2
290.245;2
290.32;2
290.392;2
290.464;2
290.537;3
290.61;3
290.684;3
290.758;3
290.83;3
290.902;3
290.973;3
291.044;3
291.119;3
291.195;4
291.268;4
291.341;4
291.416;4
291.487;4
291.556;4
291.635;4
291.706;4
291.776;4
291.86;5
291.928;5
291.997;5
292.067;5
292.149;5
292.216;5
292.292;5
Mn
292.359;5
Mx
292.433;5
292.503;5
292.58;6
Mn
292.654;6
292.72;6
292.8;6
292.869;6
292.939;6
Mx
293.02;6
293.089;6
293.162;6
Mn
293.234;7
293.31;7
Mx
293.377;7
Mn
293.457;7
293.527;7
293.599;7
293.67;7
293.743;7
293.814;7
293.89;8
293.962;8
Mx
294.03;8
294.106;8
294.179;8
294.255;8
294.329;8
294.401;8
Mn
294.474;8
294.542;9
294.618;9
294.694;9
294.766;9
294.839;9
294.909;9
294.987;9
295.055;9
295.131;9
295.205;9
295.275;10
295.351;10
295.419;10
295.495;10
295.567;10
295.639;10
295.712;10
295.784;10
295.856;10
295.929;1
296.002;1
296.084;1
296.151;1
296.228;1
296.299;1
vMx
296.365;1
296.436;1
296.511;1
296.583;1
296.654;1
296.729;2
296.802;2
296.875;2
296.953;2
297.023;2
297.095;2
297.169;2
297.24;2
297.314;2
297.384;3
297.458;3
297.53;3
297.602;3
297.675;3
297.745;3
297.823;3
297.894;3
297.969;3
298.04;3
298.114;4
298.194;4
298.265;4
298.336;4
298.408;4
298.476;4
298.551;4
298.623;4
298.7;4
298.769;5
298.842;5
298.921;5
299.04;5
299.065;5
299.134;5
Mn
299.211;5
299.277;5
299.349;5
Mx
299.424;6
299.497;6
299.572;6
Mn
299.643;6
299.715;6
299.788;6
Mx
299.864;6
299.936;6
300.005;6
300.082;6
Mn
300.15;7
300.227;7
300.298;7
300.366;7
300.446;7
Mx
300.517;7
Mn
300.588;7
300.663;7
Mx
300.739;7
300.808;8
300.883;8
300.955;8
301.028;8
301.1;8
Mn
301.171;8
301.247;8
301.318;8
301.389;8
301.464;8
301.538;9
301.609;9
301.683;9
301.757;9
301.829;9
301.905;9
301.98;9
302.048;9
302.118;9
302.193;10
302.268;10
302.336;10
302.416;10
302.487;10
302.557;10
302.63;10
302.705;10
302.776;10
302.851;1
302.926;1
302.994;1
303.069;1
303.145;1
303.22;1
FA
303.285;0
303.361;0
303.439;0
303.507;0
303.58;0
303.656;0
vMx
303.724;1
303.795;1
303.87;1
303.94;1
304.018;1
304.085;2
304.164;2
304.233;2
304.306;2
304.378;2
304.45;2
304.531;2
304.604;2
304.67;2
304.742;2
304.822;3
304.889;3
304.968;3
305.038;3
305.108;3
305.186;3
305.258;3
305.324;3
305.402;3
305.477;3
305.548;4
305.62;4
305.693;4
305.765;4
305.841;4
305.915;4
305.983;4
306.055;4
306.126;4
306.199;4
FA
306.27;0
306.35;0
306.42;0
306.494;0
306.567;0
306.638;0
306.708;0
306.786;0
306.856;0
306.924;0
306.998;0
307.075;0
307.143;0
Mn
307.225;0
307.295;0
307.362;0
307.437;0
307.514;0
307.584;0
307.658;0
307.73;0
307.801;0
307.882;0
307.95;0
308.021;0
308.095;0
308.168;0
308.241;0
308.313;0
308.386;0
308.46;0
308.533;0
308.603;0
308.677;0
308.751;0
308.823;0
308.894;0
308.967;0
309.046;0
309.109;0
309.186;0
309.258;0
309.334;0
309.408;0
309.475;0
309.549;0
309.629;0
309.7;0
309.768;0
309.843;0
309.917;0
309.992;0
310.064;0
310.133;0
vMx
310.211;1
310.293;1
Mn
310.355;1
310.427;1
310.504;2
vMx
FT
310.567;0
Mn
310.641;0
310.723;0
vMx
FT
310.79;0
310.864;0
310.936;0
311.011;0
311.083;0
311.156;0
311.23;0
311.298;0
311.371;0
311.442;0
311.515;0
311.589;0
311.664;0
311.738;0
311.81;0
311.885;0
311.956;0
312.03;0
312.099;0
312.179;0
312.25;0
312.319;0
312.393;0
312.463;0
312.54;0
312.609;0
312.687;0
312.761;0
312.834;0
312.901;0
312.977;0
313.047;0
313.123;0
313.197;0
313.265;0
313.341;0
313.41;0
313.484;0
313.562;0
313.63;0
313.701;0
Mn
313.777;0
313.849;0
313.924;0
Mx
313.997;0
314.071;0
314.14;0
Mn
314.212;0
314.285;0
314.363;0
314.434;0
314.507;0
Mx
314.582;0
314.654;0
314.724;0
Mn
314.797;0
314.872;0
Mx
314.943;0
Mn
315.02;0
315.092;0
315.168;0
315.235;0
315.304;0
315.381;0
315.455;0
Mx
315.523;0
315.596;0
315.664;0
315.742;0
Mn
315.814;0
315.892;0
315.965;0
316.035;0
316.108;0
316.178;0
316.249;0
316.328;0
316.397;0
316.471;0
316.542;0
316.616;0
316.69;0
316.76;0
316.835;0
316.905;0
316.98;0
317.054;0
317.128;0
317.201;0
317.275;0
317.347;0
317.418;0
317.49;0
317.567;0
317.636;0
317.708;0
317.781;0
317.862;0
317.928;0
318.003;0
318.075;0
vMx
FT
318.146;0
318.219;0
318.293;0
318.366;0
318.436;0
318.515;0
318.584;0
318.662;0
318.725;0
318.801;0
318.875;0
318.952;0
319.025;0
319.093;0
319.164;0
319.248;0
319.317;0
319.388;0
319.46;0
319.532;0
319.598;0
319.68;0
319.75;0
319.824;0
319.899;0
319.972;0
320.04;0
320.112;0
320.186;0
320.257;0
320.334;0
320.406;0
320.482;0
320.554;0
320.623;0
320.694;0
320.77;0
320.843;0
320.92;0
320.99;0
Mn
321.059;0
321.141;0
Mx
321.205;0
321.279;0
321.356;0
321.427;0
321.498;0
321.576;0
321.645;0
Mn
321.715;0
321.786;0
Mx
321.858;0
321.934;0
Mn
322.012;0
322.082;0
322.156;0
322.228;0
322.295;0
Mx
322.37;0
322.445;0
322.519;0
322.592;0
Mn
322.666;0
322.739;0
322.809;0
322.884;0
322.959;0
323.026;0
323.104;0
323.173;0
323.246;0
323.319;0
323.393;0
323.461;0
323.538;0
323.613;0
323.684;0
323.755;0
323.831;0
323.904;0
323.976;0
324.057;0
324.12;0
324.198;0
324.267;0
324.34;0
324.414;0
324.487;0
324.556;0
324.628;0
vMx
324.704;1
324.776;1
324.848;1
324.929;1
324.995;2
325.064;2
325.139;2
325.211;2
325.284;2
325.357;2
325.434;2
325.503;2
325.576;2
325.651;3
325.729;3
325.798;3
325.872;3
325.946;3
326.019;3
326.087;3
326.158;3
326.235;3
326.306;4
326.381;4
326.452;4
326.523;4
326.593;4
326.674;4
326.746;4
326.816;4
326.889;4
326.962;5
327.038;5
327.105;5
327.18;5
327.25;5
327.333;5
327.4;5
327.473;5
327.55;5
327.619;6
Mn
327.686;6
Mx
327.771;6
327.837;6
327.913;6
327.983;6
328.055;6
Mn
328.135;6
328.201;6
328.271;7
Mx
328.345;7
328.416;7
328.491;7
328.563;7
328.636;7
Mn
328.711;7
328.779;7
328.86;7
328.929;8
329.001;8
329.075;8
329.15;8
329.222;8
329.295;8
329.364;8
329.441;8
329.509;8
329.585;9
329.657;9
329.729;9
329.802;9
329.876;9
329.946;9
330.022;9
330.093;9
330.164;9
330.237;10
330.313;10
330.384;10
330.456;10
330.534;10
330.604;10
330.676;10
330.752;10
vMx
330.825;1
330.894;1
330.973;1
331.046;2
331.112;2
331.194;2
331.263;2
331.332;2
331.402;2
331.475;2
331.549;2
331.628;2
331.695;3
331.769;3
331.844;3
331.916;3
331.987;3
332.06;3
332.136;3
332.213;3
332.28;4
332.353;4
332.424;4
332.5;4
332.571;4
332.645;4
332.72;4
332.789;4
332.861;4
332.94;5
333.006;5
333.08;5
333.152;5
333.226;5
333.298;5
333.371;5
333.441;5
333.519;6
Mn
333.59;6
333.668;6
Mx
333.739;6
333.816;6
333.889;6
Mn
333.956;6
334.031;6
Mx
334.107;7
334.176;7
334.247;7
334.324;7
334.393;7
334.466;7
334.544;7
334.611;7
334.684;7
334.754;8
Mn
334.829;8
334.901;8
Mx
334.976;8
335.049;8
335.118;8
Mn
335.196;8
335.268;8
335.341;9
Mx
FA
335.411;0
335.485;0
335.56;0
335.636;0
Mn
335.708;0
335.779;0
335.85;0
335.923;0
335.997;0
336.073;0
336.142;0
Mx
336.216;0
336.285;0
336.359;0
336.43;0
336.512;0
336.578;0
Mn
336.651;0
336.722;0
336.798;0
336.869;0
336.939;0
337.013;0
337.085;0
337.156;0
337.23;0
337.31;0
337.385;0
337.45;0
337.523;0
337.596;0
337.669;0
337.745;0
337.812;0
337.888;0
337.96;0
338.032;0
338.109;0
338.184;0
338.257;0
338.329;0
338.394;0
338.47;0
338.54;0
338.615;0
vMx
FT
338.689;0
338.759;0
338.835;0
338.913;0
338.984;0
339.053;0
339.127;0
339.201;0
339.268;0
339.343;0
339.42;0
339.484;0
339.56;0
339.635;0
339.706;0
339.783;0
339.856;0
339.927;0
339.999;0
340.071;0
340.14;0
340.225;0
340.294;0
340.368;0
340.437;0
340.513;0
340.584;0
340.661;0
340.729;0
340.8;0
340.882;0
340.951;0
341.023;0
341.096;0
Mn
341.169;0
341.237;0
Mx
341.311;0
341.387;0
341.455;0
341.536;0
341.606;0
341.676;0
341.751;0
341.823;0
Mn
341.889;0
341.969;0
342.043;0
342.116;0
342.185;0
342.257;0
Mx
342.334;0
342.409;0
342.48;0
342.549;0
342.622;0
342.696;0
Mn
342.767;0
342.85;0
342.919;0
Mx
342.99;0
Mn
343.063;0
343.135;0
343.21;0
343.278;0
343.349;0
Mx
343.425;0
Mn
343.497;0
343.571;0
343.646;0
343.715;0
343.787;0
343.86;0
343.94;0
344.007;0
344.084;0
344.152;0
344.225;0
344.298;0
344.372;0
344.444;0
344.519;0
344.591;0
344.662;0
344.735;0
344.811;0
344.886;0
344.954;0
345.034;0
345.104;0
345.174;0
345.251;0
345.318;0
vMx
345.393;1
345.473;1
345.541;1
345.612;1
345.685;2
345.755;2
345.828;2
345.899;2
345.974;2
346.048;2
346.117;2
346.194;2
346.263;2
346.337;2
346.41;3
346.484;3
346.559;3
346.632;3
346.704;3
346.776;3
346.849;3
346.92;3
346.996;3
347.067;4
347.145;4
347.214;4
347.287;4
347.36;4
347.432;4
347.506;4
347.575;4
347.649;4
347.73;5
Mn
347.797;5
347.871;5
347.945;5
348.02;5
348.094;5
348.168;5
348.23;5
348.309;5
Mx
348.379;6
348.448;6
348.524;6
348.601;6
348.669;6
348.746;6
348.809;6
348.887;6
348.958;6
349.033;7
349.109;7
349.178;7
349.255;7
349.325;7
349.397;7
349.469;7
349.547;7
349.618;7
349.688;7
349.767;8
Mn
349.84;8
349.911;8
349.983;8
350.056;8
350.126;8
350.203;8
350.275;8
350.346;8
350.426;9
350.495;9
350.564;9
350.634;9
350.717;9
350.784;9
350.866;9
350.927;9
351.004;9
351.073;10
351.149;10
351.22;10
351.295;10
351.369;10
351.438;10
351.511;10
351.585;10
351.655;10
351.73;1
vMx
351.803;1
351.874;1
351.946;1
352.018;1
352.093;2
352.172;2
352.238;2
352.314;2
352.384;2
352.458;2
352.532;2
352.605;2
352.678;2
352.751;3
352.827;3
352.897;3
352.967;3
353.038;3
353.113;3
353.188;3
353.258;3
353.331;4
353.404;4
353.487;4
353.558;4
353.632;4
353.696;4
353.769;4
353.841;4
353.914;4
353.997;5
354.065;5
354.134;5
354.21;5
354.28;5
354.356;5
354.422;5
354.499;5
Mn
354.569;5
354.641;6
354.717;6
354.798;6
354.86;6
354.935;6
Mx
355.013;6
355.084;6
355.161;6
355.229;6
355.3;7
355.37;7
355.443;7
355.53;7
355.592;7
355.667;7
355.743;7
Mn
355.811;7
355.888;7
355.962;8
356.03;8
Mx
356.104;8
356.175;8
Mn
356.25;8
Mx
356.315;8
356.392;8
356.464;8
356.542;9
356.612;9
356.687;9
356.753;9
Mn
FA
356.832;0
Mx
356.905;0
356.98;0
Mn
357.052;0
357.122;0
357.199;0
357.266;0
357.338;0
357.413;0
357.489;0
357.564;0
357.636;0
357.708;0
357.777;0
357.848;0
357.922;0
357.993;0
358.063;0
358.144;0
358.21;0
358.291;0
358.359;0
358.433;0
358.505;0
358.577;0
358.649;0
358.722;0
358.793;0
358.868;0
358.939;0
359.012;0
359.088;0
359.164;0
359.235;0
vMx
359.306;1
359.376;1
359.453;1
359.522;1
359.602;1
359.671;2
359.743;2
359.816;2
359.888;2
359.96;2
360.035;2
360.111;2
360.18;2
360.255;2
360.33;2
360.402;2
360.469;3
360.543;3
360.616;3
360.689;3
360.764;3
360.837;3
360.906;3
360.985;3
361.053;3
361.125;3
361.206;4
361.274;4
361.346;4
361.419;4
361.491;4
361.569;4
361.635;4
361.709;4
361.788;4
361.859;4
361.931;5
Mn
362.002;5
362.074;5
Mx
362.147;5
362.225;5
362.292;5
362.367;5
362.435;5
362.515;5
Mn
362.584;5
362.662;5
Mx
362.731;6
Mn
362.804;6
362.878;6
362.947;6
363.02;6
363.102;6
363.171;6
363.238;6
Mx
363.315;6
363.384;6
363.458;7
363.534;7
Mn
363.607;7
363.676;7
363.749;7
363.822;7
363.895;7
363.98;7
FA
364.041;0
364.113;0
364.195;0
364.271;0
364.333;0
364.406;0
364.478;0
364.552;0
364.63;0
364.7;0
364.769;0
364.84;0
364.913;0
364.99;0
365.06;0
365.13;0
365.205;0
365.277;0
365.35;0
365.43;0
365.503;0
365.57;0
365.648;0
365.716;0
365.789;0
365.865;0
vMx
365.932;1
366.009;1
366.079;1
366.154;1
366.227;2
366.3;2
366.378;2
366.449;2
366.517;2
366.593;2
366.664;2
366.738;2
366.814;2
366.883;3
366.957;3
367.027;3
367.108;3
367.175;3
367.248;3
367.324;3
367.389;3
367.47;3
367.541;4
367.614;4
367.678;4
367.753;4
367.828;4
367.902;4
367.97;4
368.047;4
368.123;4
368.194;5
368.268;5
368.344;5
368.419;5
368.489;5
368.559;5
368.63;5
368.708;5
Mn
368.782;5
368.86;6
368.93;6
Mx
368.995;6
369.07;6
369.139;6
369.217;6
369.287;6
369.361;6
369.431;6
369.511;6
369.577;7
Mn
369.649;7
Mx
369.727;7
369.8;7
Mn
369.868;7
369.941;7
370.014;7
Mx
370.086;7
Mn
370.162;7
370.232;8
Mx
370.309;8
370.384;8
370.454;8
370.532;8
Mn
FA
370.604;0
370.676;0
370.747;0
370.818;0
370.888;0
370.971;0
371.041;0
371.107;0
Mx
371.18;0
371.254;0
Mn
371.329;0
371.399;0
371.478;0
371.548;0
371.616;0
371.69;0
371.765;0
371.84;0
371.911;0
371.98;0
372.051;0
372.125;0
372.197;0
372.275;0
372.34;0
372.424;0
372.493;0
372.564;0
372.635;0
372.708;0
372.788;0
372.854;0
372.932;0
373.003;0
373.074;0
373.15;0
373.22;0
373.298;0
373.373;0
373.443;0
373.513;0
373.583;0
373.656;0
vMx
373.73;1
373.804;1
373.876;1
373.945;1
374.023;1
374.097;1
374.169;2
374.243;2
374.318;2
374.387;2
374.457;2
374.529;2
374.602;2
374.676;2
374.746;2
374.826;2
374.897;3
374.979;3
375.043;3
375.119;3
375.185;3
375.259;3
375.332;3
375.408;3
375.478;3
375.55;3
375.625;3
375.696;4
375.77;4
375.847;4
375.916;4
375.992;4
376.066;4
376.141;4
376.205;4
376.283;4
376.353;4
376.426;4
376.496;5
376.571;5
376.643;5
376.72;5
376.791;5
376.861;5
376.935;5
377.006;5
377.08;5
377.154;5
377.226;5
377.3;6
Mn
377.374;6
377.448;6
377.52;6
377.589;6
377.663;6
Mx
377.735;6
377.808;6
377.882;6
377.957;6
378.028;7
378.101;7
378.179;7
378.244;7
378.32;7
Mn
378.392;7
378.467;7
378.537;7
378.608;7
378.683;7
378.757;7
378.829;8
378.902;8
378.974;8
379.046;8
379.124;8
379.193;8
FA
379.268;0
379.34;0
379.409;0
379.491;0
379.565;0
379.636;0
379.701;0
379.774;0
379.846;0
379.922;0
379.994;0
380.065;0
380.139;0
380.213;0
380.287;0
380.357;0
380.431;0
380.506;0
380.575;0
380.648;0
380.723;0
380.793;0
380.869;0
380.943;0
vMx
381.014;1
381.092;1
381.159;1
381.233;1
381.31;1
381.379;2
381.453;2
381.525;2
381.597;2
381.669;2
381.74;2
381.814;2
381.884;2
381.969;2
382.036;2
382.104;3
382.177;3
382.252;3
382.325;3
382.396;3
382.478;3
382.542;3
382.612;3
382.69;3
382.764;3
382.836;4
382.913;4
382.979;4
383.052;4
383.127;4
383.199;4
383.282;4
383.35;4
383.417;4
383.49;4
383.563;5
383.635;5
383.71;5
383.78;5
383.856;5
383.926;5
384;5
384.08;5
Mn
384.149;5
384.228;5
384.292;6
Mx
384.364;6
384.436;6
384.51;6
384.583;6
384.655;6
384.725;6
384.806;6
384.88;6
384.952;6
385.027;7
385.096;7
Mn
385.165;7
385.244;7
385.311;7
385.382;7
385.456;7
385.53;7
385.603;7
385.684;7
385.754;8
385.821;8
385.9;8
385.969;8
386.039;8
386.115;8
386.188;8
386.259;8
386.339;8
386.404;8
386.477;9
386.556;9
386.625;9
386.696;9
386.769;9
386.844;9
386.912;9
386.985;9
387.059;9
387.127;9
387.206;10
387.275;10
387.355;10
387.431;10
vMx
387.497;1
387.568;1
387.64;1
387.715;1
387.793;2
387.862;2
387.935;2
388.011;2
388.084;2
388.152;2
388.221;2
388.296;2
388.38;2
388.447;3
388.517;3
388.591;3
388.657;3
388.735;3
388.81;3
388.884;3
388.953;3
389.028;3
389.104;4
389.177;4
389.247;4
389.32;4
389.393;4
389.465;4
389.536;4
389.611;4
389.683;4
389.752;5
389.825;5
389.899;5
389.972;5
Mn
390.046;5
390.117;5
390.189;5
390.266;5
390.339;5
390.408;6
Mx
390.48;6
390.561;6
390.635;6
Mn
390.703;6
390.776;6
Mx
390.848;6
390.922;6
390.997;6
Mn
391.064;7
391.139;7
391.212;7
Mx
391.284;7
391.359;7
391.434;7
391.502;7
Mn
391.581;7
Mx
391.654;8
391.724;8
391.796;8
Mn
391.867;8
391.944;8
392.014;8
392.085;8
392.158;8
392.234;8
Mx
392.305;9
392.38;9
392.45;9
FA
392.525;0
392.593;0
392.671;0
Mn
392.743;0
392.812;0
392.887;0
392.963;0
393.031;0
393.102;0
393.177;0
393.251;0
393.325;0
393.397;0
393.469;0
393.54;0
393.612;0
393.695;0
393.765;0
393.835;0
393.91;0
393.979;0
394.055;0
394.13;0
394.198;0
394.273;0
394.343;0
394.422;0
394.49;0
394.562;0
394.637;0
394.71;0
394.785;0
394.855;0
394.93;0
395.005;0
395.075;0
vMx
395.144;1
395.213;1
395.29;1
395.364;1
395.438;1
395.512;1
395.581;2
395.66;2
395.727;2
395.802;2
395.878;2
395.948;2
396.022;2
396.09;2
396.163;2
396.24;2
396.311;3
396.383;3
396.456;3
396.532;3
396.601;3
396.672;3
396.75;3
396.824;3
396.896;3
396.971;3
397.042;3
397.109;4
397.184;4
397.257;4
397.33;4
397.405;4
397.484;4
397.548;4
397.621;4
397.696;4
397.767;4
397.845;5
Mn
397.912;5
Mx
397.983;5
Mn
398.063;5
398.13;5
Mx
398.207;5
398.277;5
398.353;5
398.428;5
398.496;5
398.573;5
Mn
398.646;6
398.721;6
398.79;6
398.863;6
398.931;6
399.009;6
399.081;6
Mx
399.152;6
399.223;6
399.296;6
399.368;7
Mn
399.447;7
399.519;7
399.59;7
399.661;7
399.736;7
399.808;7
399.883;7
399.956;7
400.026;7
400.106;7
400.172;8
FA
400.249;0
400.32;0
400.394;0
400.462;0
400.535;0
400.61;0
400.684;0
400.76;0
400.832;0
400.904;0
400.976;0
401.044;0
401.119;0
401.189;0
401.265;0
401.339;0
401.414;0
401.483;0
401.559;0
401.629;0
401.708;0
vMx
401.778;1
401.851;1
401.921;1
401.998;1
402.071;2
402.14;2
402.209;2
402.289;2
402.358;2
402.434;2
402.504;2
402.578;2
402.655;2
402.721;3
402.794;3
402.871;3
402.939;3
403.016;3
403.084;3
403.158;3
403.23;3
403.306;3
403.38;4
403.454;4
403.523;4
403.594;4
403.67;4
403.746;4
403.813;4
403.886;4
403.957;4
404.036;5
404.112;5
404.182;5
404.25;5
404.326;5
404.395;5
404.469;5
Mn
404.541;5
Mx
404.622;5
404.689;5
Mn
404.763;6
404.836;6
Mx
404.909;6
404.983;6
405.052;6
405.126;6
405.198;6
Mn
405.268;6
405.349;6
405.419;7
405.492;7
Mx
405.564;7
Mn
405.635;7
405.711;7
405.778;7
405.852;7
Mx
405.93;7
406.01;7
406.079;8
406.144;8
406.223;8
Mn
406.294;8
406.363;8
406.434;8
406.51;8
406.582;8
406.657;8
Mx
406.731;9
Mn
FA
406.804;0
406.879;0
Mx
406.952;0
Mn
407.02;0
Mx
407.088;0
407.164;0
407.239;0
Mn
407.315;0
407.383;0
407.46;0
407.542;0
407.604;0
407.685;0
407.758;0
407.826;0
407.899;0
407.975;0
408.043;0
408.122;0
408.185;0
408.26;0
408.336;0
408.502;0
408.547;0
408.621;0
408.698;0
408.768;0
408.841;0
408.916;0
408.986;0
409.064;0
409.13;0
409.207;0
409.279;0
409.353;0
vMx
409.427;1
409.499;1
409.57;1
409.64;1
409.713;1
409.786;1
409.86;2
409.931;2
410.01;2
410.081;2
410.152;2
410.224;2
410.297;2
410.37;2
410.445;2
410.518;2
410.59;3
410.667;3
410.734;3
410.81;3
410.88;3
410.954;3
411.028;3
411.098;3
411.172;3
411.244;3
411.315;3
411.389;4
411.464;4
411.536;4
411.609;4
411.68;4
411.754;4
411.824;4
411.9;4
411.973;4
412.044;4
412.123;5
412.195;5
412.269;5
Mn
412.345;5
412.409;5
412.484;5
412.556;5
412.626;5
412.705;5
412.776;5
412.85;5
Mx
412.923;6
412.996;6
413.069;6
413.143;6
413.221;6
413.288;6
Mn
413.361;6
Mx
413.43;6
413.502;6
413.579;6
Mn
413.646;7
413.719;7
Mx
413.793;7
413.87;7
413.943;7
414.011;7
414.087;7
414.16;7
Mn
414.233;7
414.304;7
414.377;7
414.449;8
414.526;8
414.596;8
414.669;8
FA
414.739;0
414.812;0
414.885;0
414.959;0
415.031;0
415.104;0
415.178;0
415.261;0
415.327;0
415.396;0
415.468;0
415.544;0
415.62;0
415.688;0
415.759;0
415.833;0
415.905;0
415.981;0
416.051;0
416.124;0
416.195;0
416.274;0
416.346;0
416.417;0
416.489;0
416.562;0
416.638;0
416.706;0
416.786;0
416.857;0
vMx
FA
416.924;0
416.999;0
417.072;0
417.143;0
417.218;0
417.29;0
417.362;0
417.44;0
417.51;0
417.586;0
417.655;0
417.727;0
417.798;0
417.882;0
417.947;0
418.018;0
418.095;0
418.167;0
418.239;0
418.311;0
418.386;0
418.456;0
418.531;0
418.608;0
418.68;0
418.756;0
418.825;0
418.891;0
418.97;0
419.04;0
419.109;0
419.185;0
419.259;0
419.335;0
419.4;0
419.476;0
419.548;0
419.624;0
419.695;0
419.772;0
419.837;0
419.914;0
419.984;0
420.057;0
420.135;0
420.211;0
420.287;0
Mn
420.354;0
Mx
420.427;0
420.501;0
420.57;0
Mn
420.646;0
420.722;0
420.793;0
Mx
420.863;0
420.938;0
421.005;0
421.078;0
421.145;0
Mn
421.223;0
Mx
421.303;0
421.371;0
Mn
421.444;0
421.52;0
421.591;0
421.666;0
421.737;0
421.813;0
421.884;0
421.955;0
422.032;0
422.098;0
422.17;0
422.244;0
422.318;0
422.391;0
422.464;0
422.534;0
422.608;0
422.677;0
422.754;0
422.831;0
422.901;0
422.973;0
423.043;0
423.118;0
423.191;0
423.264;0
423.336;0
423.408;0
423.484;0
423.556;0
423.628;0
423.704;0
423.774;0
423.85;0
423.918;0
423.992;0
424.064;0
424.137;0
424.213;0
424.285;0
vMx
424.363;1
424.434;1
424.503;1
424.575;1
424.646;1
424.72;2
424.796;2
424.873;2
424.939;2
425.015;2
425.084;2
425.159;2
425.233;2
425.304;2
425.377;2
425.447;2
425.521;3
425.593;3
425.673;3
425.742;3
425.815;3
425.895;3
425.956;3
426.033;3
426.104;3
426.181;3
426.25;4
426.318;4
426.398;4
426.469;4
426.54;4
426.62;4
426.69;4
426.76;4
426.839;4
426.91;4
426.987;5
427.06;5
427.129;5
427.206;5
427.274;5
427.342;5
427.418;5
427.493;5
Mn
427.566;5
427.633;5
427.709;6
427.781;6
427.864;6
427.929;6
Mx
428.001;6
428.076;6
428.143;6
428.218;6
428.29;6
Mn
428.364;6
428.438;7
428.512;7
428.588;7
428.657;7
428.731;7
428.803;7
428.873;7
428.948;7
429.023;7
429.091;7
429.164;7
429.238;8
FA
429.31;0
429.383;0
429.456;0
429.527;0
429.601;0
429.673;0
429.746;0
429.819;0
429.898;0
429.965;0
430.037;0
430.114;0
430.183;0
430.26;0
430.333;0
430.402;0
430.478;0
430.553;0
430.622;0
430.694;0
430.77;0
vMx
430.84;1
430.912;1
430.985;1
431.058;1
431.131;2
431.206;2
431.28;2
431.354;2
431.425;2
431.498;2
431.58;2
431.645;2
431.713;2
431.789;3
431.86;3
431.932;3
432.004;3
432.077;3
432.15;3
432.226;3
432.297;3
432.371;3
432.44;4
432.513;4
432.588;4
432.66;4
432.734;4
432.809;4
432.883;4
432.95;4
433.025;4
433.1;5
433.172;5
433.248;5
Mn
433.311;5
433.389;5
433.464;5
433.534;5
433.604;5
433.683;5
433.751;6
433.828;6
433.897;6
FA
433.979;0
434.047;0
434.118;0
434.19;0
434.266;0
434.341;0
434.414;0
434.486;0
434.554;0
434.626;0
434.697;0
434.773;0
434.846;0
vMx
FT
434.925;0
434.996;0
435.066;0
435.145;0
435.21;0
435.289;0
435.356;0
435.433;0
435.51;0
435.573;0
435.649;0
435.727;0
435.801;0
435.87;0
435.943;0
436.013;0
436.083;0
436.156;0
436.231;0
436.304;0
436.383;0
436.457;0
436.525;0
436.595;0
436.669;0
436.741;0
436.81;0
436.895;0
436.965;0
437.033;0
437.105;0
437.179;0
Mn
437.25;0
437.324;0
437.396;0
437.468;0
437.539;0
437.614;0
437.692;0
437.763;0
437.838;0
437.908;0
437.978;0
438.056;0
438.128;0
438.195;0
438.272;0
438.342;0
438.417;0
438.49;0
438.561;0
438.636;0
438.706;0
438.779;0
438.855;0
438.927;0
439.003;0
439.07;0
439.146;0
439.218;0
439.289;0
439.364;0
439.433;0
439.506;0
439.58;0
439.653;0
439.724;0
439.804;0
vMx
FA
439.872;0
439.945;0
Mn
440.021;0
440.099;0
440.171;0
440.238;0
440.31;0
440.384;0
440.456;0
vMx
FT
440.526;0
440.6;0
440.674;0
440.749;0
Mn
440.819;0
440.893;0
440.966;0
441.04;0
441.112;0
441.183;0
vMx
FT
441.256;0
441.328;0
441.404;0
441.476;0
441.547;0
441.62;0
441.695;0
441.765;0
441.839;0
441.911;0
441.985;0
442.057;0
442.136;0
442.208;0
442.278;0
442.348;0
Mn
442.422;0
442.499;0
Mx
442.566;0
442.64;0
Mn
442.715;0
Mx
442.787;0
442.865;0
442.933;0
443.009;0
443.078;0
443.154;0
443.223;0
Mn
443.296;0
443.376;0
443.451;0
443.519;0
443.593;0
443.66;0
443.738;0
443.815;0
443.887;0
443.954;0
444.026;0
444.094;0
444.17;0
444.243;0
444.319;0
444.389;0
444.468;0
444.54;0
444.609;0
444.676;0
444.761;0
444.834;0
444.897;0
444.972;0
445.049;0
445.12;0
445.189;0
445.267;0
445.335;0
445.415;0
vMx
FT
445.484;0
445.556;0
445.632;0
445.703;0
445.779;0
445.847;0
445.923;0
445.994;0
446.066;0
446.137;0
446.215;0
446.282;0
446.358;0
446.427;0
446.501;0
446.575;0
446.65;0
446.721;0
446.795;0
446.869;0
446.939;0
447.01;0
447.087;0
447.16;0
447.23;0
447.303;0
447.378;0
447.45;0
447.524;0
447.6;0
447.668;0
447.74;0
447.81;0
447.887;0
447.96;0
448.031;0
448.106;0
448.179;0
448.256;0
448.327;0
448.402;0
448.476;0
448.544;0
Mn
448.619;0
448.692;0
448.767;0
448.839;0
448.904;0
448.978;0
449.05;0
449.13;0
449.2;0
449.267;0
449.347;0
449.418;0
449.494;0
449.565;0
449.637;0
449.711;0
449.787;0
449.857;0
449.927;0
449.999;0
450.072;0
450.144;0
450.222;0
450.295;0
450.363;0
vMx
450.43;1
450.508;1
450.583;2
450.654;2
450.727;2
450.803;2
450.876;2
450.95;2
451.024;2
451.094;3
451.171;3
451.237;3
451.31;3
451.384;3
451.454;3
451.523;3
451.601;4
451.678;4
451.748;4
451.823;4
451.894;4
451.97;4
452.039;5
452.113;5
452.183;5
452.261;5
452.335;5
452.409;5
452.478;5
452.552;6
452.622;6
452.693;6
452.768;6
452.839;6
452.911;6
452.989;6
453.064;7
453.132;7
453.206;7
453.278;7
453.349;7
453.42;7
453.495;7
Mn
453.569;8
453.64;8
453.714;8
453.786;8
453.858;8
453.934;8
454.007;8
454.082;9
454.149;9
454.225;9
454.302;9
454.372;9
454.444;9
454.519;10
454.593;10
454.66;10
454.734;10
454.81;10
454.885;10
454.956;10
455.023;1
455.097;1
455.171;1
455.242;1
455.315;1
vMx
455.386;1
455.459;1
455.539;2
455.61;2
455.678;2
455.751;2
455.831;2
455.899;2
455.972;2
456.054;3
456.121;3
456.192;3
456.263;3
456.335;3
456.408;3
456.482;4
456.553;4
456.629;4
456.706;4
456.775;4
456.845;4
456.92;4
456.996;5
457.064;5
457.14;5
457.208;5
457.282;5
457.355;5
457.43;5
457.502;6
457.584;6
457.651;6
457.72;6
457.79;6
457.867;6
457.939;6
458.017;7
458.093;7
458.16;7
458.235;7
458.302;7
458.38;7
458.449;7
458.521;8
458.595;8
FA
458.665;0
458.751;0
458.814;0
458.883;0
Mn
458.962;0
459.032;0
459.104;0
459.175;0
459.254;0
459.331;0
459.4;0
459.475;0
459.545;0
459.612;0
459.687;0
459.761;0
459.835;0
459.907;0
459.977;0
460.051;0
460.123;0
460.2;0
460.271;0
460.342;0
460.415;0
460.489;0
460.562;0
460.64;0
460.71;0
460.779;0
460.851;0
460.923;0
460.998;0
461.069;0
461.144;0
461.216;0
461.291;0
461.36;0
vMx
FA
461.435;0
461.516;0
461.587;0
461.66;0
461.726;0
461.797;0
461.876;0
461.954;0
462.017;0
462.092;0
462.163;0
462.238;0
462.311;0
462.386;0
462.46;0
462.535;0
462.6;0
462.679;0
462.746;0
462.818;0
462.9;0
462.967;0
463.034;0
463.112;0
463.188;0
463.259;0
463.332;0
463.403;0
463.481;0
463.552;0
463.622;0
463.695;0
463.766;0
463.843;0
463.911;0
463.984;0
464.058;0
464.131;0
464.203;0
464.275;0
464.35;0
464.422;0
464.493;0
464.576;0
Mn
464.645;0
Mx
464.717;0
464.784;0
464.863;0
Mn
464.935;0
465.003;0
465.087;0
465.156;0
465.226;0
465.301;0
465.37;0
465.442;0
465.521;0
465.592;0
465.664;0
465.733;0
465.806;0
465.885;0
465.953;0
466.027;0
466.098;0
466.177;0
466.247;0
466.319;0
466.39;0
466.462;0
466.538;0
466.609;0
466.681;0
466.755;0
466.825;0
466.901;0
466.977;0
467.045;0
467.118;0
467.198;0
467.265;0
467.337;0
vMx
467.408;1
467.479;1
467.555;1
467.632;2
467.7;2
467.774;2
467.849;2
467.922;2
467.995;2
468.072;2
468.142;2
468.212;2
468.282;3
468.354;3
468.431;3
468.499;3
468.573;3
468.646;3
468.719;3
468.792;3
468.868;4
468.937;4
469.013;4
469.083;4
469.164;4
469.234;4
469.307;4
469.374;4
469.45;5
469.523;5
469.597;5
469.671;5
469.739;5
469.813;5
469.884;5
469.96;5
470.029;6
470.102;6
470.177;6
470.252;6
470.333;6
470.402;6
470.469;6
Mn
470.546;6
470.617;7
470.686;7
470.763;7
470.834;7
470.905;7
470.978;7
471.055;7
471.124;7
471.196;7
FA
471.269;0
471.341;0
471.423;0
471.487;0
471.561;0
471.634;0
471.708;0
471.781;0
471.85;0
471.927;0
472.004;0
472.076;0
472.144;0
472.218;0
472.291;0
472.364;0
472.437;0
472.513;0
472.582;0
472.656;0
472.732;0
472.798;0
472.874;0
472.948;0
473.019;0
473.092;0
473.164;0
473.239;0
473.312;0
473.387;0
473.455;0
473.527;0
vMx
473.606;1
473.674;1
473.752;1
473.821;1
473.893;2
473.962;2
474.049;2
474.116;2
474.188;2
474.26;2
474.332;2
474.401;2
474.477;3
474.547;3
474.624;3
474.694;3
474.767;3
474.847;3
474.914;3
474.987;3
475.058;3
FA
475.142;0
475.21;0
475.282;0
475.355;0
475.423;0
475.498;0
475.577;0
475.64;0
475.714;0
475.796;0
475.861;0
475.927;0
476.001;0
476.077;0
476.15;0
476.224;0
476.299;0
476.37;0
476.445;0
476.516;0
476.588;0
476.668;0
476.734;0
476.811;0
476.886;0
476.954;0
477.025;0
477.102;0
477.18;0
477.246;0
477.317;0
477.388;0
477.46;0
Mn
477.549;0
477.612;0
477.682;0
477.757;0
477.832;0
477.904;0
477.973;0
478.044;0
478.124;0
478.203;0
478.266;0
478.347;0
478.415;0
478.482;0
478.554;0
478.626;0
478.703;0
478.777;0
478.848;0
478.917;0
478.996;0
479.065;0
479.136;0
479.215;0
479.283;0
479.359;0
479.43;0
479.502;0
479.579;0
479.648;0
479.719;0
479.795;0
479.873;0
vMx
479.938;1
480.013;1
480.089;1
480.158;1
480.229;2
480.308;2
480.377;2
480.45;2
480.529;2
480.595;2
480.669;2
480.738;2
480.814;2
480.887;3
480.969;3
481.036;3
481.106;3
481.177;3
481.254;3
481.325;3
481.393;3
481.467;4
481.541;4
481.614;4
481.689;4
481.765;4
481.843;4
481.909;4
481.98;4
482.054;4
482.125;5
482.2;5
482.274;5
482.349;5
482.423;5
482.493;5
482.561;5
482.637;5
482.708;5
482.78;6
482.851;6
482.925;6
483.004;6
483.072;6
483.155;6
483.217;6
483.29;6
483.366;7
Mn
483.442;7
483.513;7
483.591;7
483.657;7
483.728;7
483.803;7
483.874;7
483.951;7
484.021;8
484.094;8
484.166;8
484.236;8
484.314;8
484.385;8
484.455;8
484.529;8
484.603;8
484.677;9
484.749;9
484.819;9
484.892;9
484.966;9
485.038;9
485.115;9
485.186;9
485.255;9
485.333;10
485.396;10
485.472;10
485.551;10
485.625;10
485.695;10
485.768;10
485.845;10
485.915;1
485.983;1
486.054;1
486.129;1
486.203;1
FA
486.278;0
486.347;0
486.421;0
vMx
486.493;1
486.566;1
486.644;1
486.715;1
486.789;2
486.864;2
486.934;2
487.004;2
487.078;2
487.158;2
487.226;2
487.297;2
487.371;2
487.446;3
487.52;3
487.592;3
487.661;3
487.734;3
487.81;3
487.879;3
487.952;3
488.03;3
488.095;4
488.168;4
488.24;4
488.316;4
488.388;4
488.46;4
488.534;4
488.61;4
488.678;4
488.753;5
488.83;5
488.898;5
488.972;5
489.053;5
489.117;5
489.189;5
489.264;5
489.341;5
489.41;6
489.483;6
489.554;6
489.628;6
489.7;6
489.769;6
489.844;6
489.927;6
489.991;6
490.064;7
490.141;7
490.212;7
490.283;7
490.356;7
Mn
490.427;7
Mx
490.499;7
490.573;7
Mn
490.646;7
490.722;8
490.798;8
490.871;8
490.943;8
491.011;8
491.085;8
491.16;8
491.233;8
491.305;8
491.379;9
491.452;9
491.523;9
491.593;9
491.67;9
491.74;9
491.814;9
491.885;9
491.959;9
FA
492.03;0
492.102;0
492.183;0
492.251;0
492.32;0
492.395;0
492.467;0
492.55;0
492.619;0
492.69;0
492.76;0
492.831;0
492.906;0
492.976;0
493.053;0
493.126;0
493.196;0
493.275;0
493.348;0
493.421;0
vMx
493.489;1
493.56;1
493.635;1
493.708;1
493.779;1
493.852;2
493.926;2
493.998;2
494.071;2
494.146;2
494.217;2
494.288;2
494.368;2
494.44;2
494.518;3
494.586;3
494.659;3
494.73;3
494.802;3
494.874;3
494.949;3
495.019;3
495.088;3
495.165;3
495.237;4
495.308;4
495.382;4
495.452;4
495.527;4
495.612;4
495.677;4
495.755;4
495.828;4
495.896;4
495.963;5
496.044;5
496.115;5
496.183;5
496.258;5
496.335;5
496.409;5
496.475;5
496.549;5
496.621;6
496.694;6
496.767;6
496.84;6
496.914;6
496.985;6
497.058;6
497.13;6
497.199;6
Mn
497.277;6
497.35;7
497.425;7
497.498;7
497.568;7
497.644;7
497.72;7
497.793;7
497.867;7
497.937;7
498.009;8
498.082;8
498.151;8
498.224;8
498.294;8
498.368;8
498.441;8
498.516;8
498.588;8
498.659;8
498.733;9
498.804;9
498.88;9
498.963;9
499.03;9
499.108;9
499.17;9
499.243;9
499.316;9
499.393;9
499.47;10
499.534;10
499.609;10
499.679;10
vMx
499.758;1
499.83;1
499.898;1
499.971;1
500.044;2
500.117;2
500.189;2
500.264;2
500.338;2
500.407;2
500.484;2
500.553;2
500.627;3
500.701;3
500.775;3
500.853;3
500.925;3
500.992;3
501.063;3
501.137;3
501.211;3
501.286;4
501.359;4
501.428;4
501.514;4
501.587;4
501.648;4
501.727;4
501.799;4
501.869;5
501.941;5
502.013;5
502.091;5
502.162;5
502.231;5
502.304;5
502.375;5
502.448;5
502.521;6
502.594;6
502.666;6
502.744;6
502.82;6
502.89;6
502.962;6
503.035;6
503.105;6
503.178;7
Mn
503.248;7
503.325;7
503.394;7
503.472;7
503.541;7
503.616;7
503.685;7
503.759;8
503.834;8
503.905;8
503.978;8
FA
504.05;0
504.135;0
504.199;0
504.27;0
504.34;0
504.418;0
504.492;0
504.56;0
504.632;0
504.707;0
504.773;0
504.855;0
504.926;0
505.007;0
505.076;0
505.144;0
505.218;0
505.294;0
505.364;0
505.438;0
vMx
505.51;1
505.585;1
505.653;1
505.73;2
505.8;2
505.877;2
505.946;2
506.021;2
506.091;2
506.163;2
506.237;2
506.31;3
506.386;3
506.456;3
506.529;3
506.599;3
506.674;3
506.747;3
506.82;3
FA
506.892;0
506.964;0
507.042;0
507.108;0
507.184;0
507.256;0
507.333;0
507.4;0
507.473;0
507.548;0
507.618;0
507.692;0
507.766;0
507.841;0
507.92;0
507.989;0
508.056;0
508.13;0
508.2;0
508.278;0
508.348;0
508.421;0
508.495;0
508.567;0
508.642;0
508.714;0
508.784;0
508.859;0
508.935;0
509.011;0
509.082;0
509.16;0
509.229;0
509.301;0
509.369;0
509.444;0
509.514;0
509.584;0
509.66;0
509.731;0
509.805;0
509.878;0
509.95;0
510.024;0
510.1;0
510.169;0
510.249;0
510.319;0
510.389;0
510.461;0
510.534;0
510.608;0
510.68;0
510.751;0
510.828;0
510.898;0
510.97;0
511.044;0
511.116;0
511.199;0
511.265;0
511.335;0
511.411;0
511.48;0
511.554;0
511.629;0
Mn
511.701;0
511.777;0
511.854;0
511.921;0
511.99;0
Mx
512.064;0
512.141;0
Mn
512.21;0
512.283;0
Mx
512.356;0
512.427;0
512.502;0
512.575;0
512.652;0
512.721;0
512.793;0
512.873;0
512.937;0
513.014;0
513.086;0
513.155;0
513.231;0
513.306;0
513.375;0
513.452;0
513.523;0
513.599;0
Mn
513.667;0
513.745;0
513.812;0
513.885;0
513.966;0
514.031;0
514.102;0
514.177;0
514.254;0
514.322;0
514.393;0
514.47;0
514.54;0
514.621;0
514.686;0
514.762;0
514.834;0
514.909;0
514.982;0
515.05;0
515.124;0
Mx
515.196;0
515.268;0
515.342;0
515.414;0
515.495;0
515.565;0
515.634;0
515.707;0
515.778;0
515.855;0
515.925;0
515.996;0
516.073;0
516.144;0
516.222;0
516.291;0
516.362;0
516.435;0
516.509;0
516.579;0
516.651;0
516.727;0
516.808;0
516.876;0
516.947;0
517.02;0
517.093;0
517.163;0
517.249;0
517.314;0
517.386;0
517.454;0
517.529;0
517.6;0
517.673;0
517.754;0
517.823;0
517.896;0
517.966;0
518.038;0
518.11;0
518.188;0
518.254;0
518.332;0
518.407;0
518.478;0
518.552;0
Mn
518.627;0
518.699;0
518.766;0
518.84;0
518.912;0
518.985;0
519.06;0
519.132;0
519.205;0
519.278;0
519.347;0
519.427;0
519.498;0
519.569;0
519.644;0
519.719;0
519.787;0
519.854;0
519.934;0
520.005;0
520.08;0
520.15;0
520.227;0
520.301;0
520.373;0
520.445;0
520.519;0
520.59;0
520.661;0
520.739;0
520.811;0
520.88;0
Mx
520.95;0
521.023;0
521.1;0
521.17;0
521.249;0
521.32;0
521.393;0
521.47;0
521.537;0
521.606;0
521.677;0
521.755;0
521.828;0
521.899;0
521.971;0
522.045;0
522.12;0
522.192;0
522.261;0
522.336;0
522.411;0
522.481;0
522.554;0
522.631;0
522.7;0
522.775;0
522.849;0
522.92;0
522.993;0
523.067;0
523.139;0
523.212;0
523.286;0
523.366;0
523.435;0
523.5;0
523.57;0
523.649;0
523.724;0
523.794;0
523.864;0
Mn
523.94;0
524.015;0
524.089;0
Mx
524.161;0
524.229;0
524.307;0
524.378;0
524.45;0
524.526;0
Mn
524.594;0
524.665;0
524.737;0
524.815;0
524.885;0
524.956;0
525.034;0
525.102;0
525.178;0
525.249;0
525.323;0
525.394;0
525.467;0
525.544;0
525.613;0
525.69;0
525.755;0
525.835;0
525.905;0
525.982;0
526.047;0
526.125;0
526.201;0
526.268;0
526.34;0
Mx
526.42;0
526.492;0
526.561;0
526.632;0
526.705;0
526.778;0
526.853;0
526.926;0
526.998;0
527.071;0
527.144;0
527.217;0
527.296;0
527.366;0
527.435;0
527.512;0
527.585;0
527.655;0
527.73;0
527.798;0
527.874;0
527.947;0
528.02;0
528.092;0
528.166;0
528.238;0
528.311;0
528.384;0
528.455;0
528.528;0
528.596;0
528.672;0
528.748;0
528.82;0
528.894;0
528.964;0
529.036;0
529.113;0
529.188;0
529.258;0
529.329;0
529.406;0
529.475;0
529.556;0
529.62;0
529.692;0
529.769;0
529.845;0
529.914;0
Mn
529.993;0
530.06;0
530.13;0
Mx
530.211;0
Mn
530.282;0
530.347;0
Mx
530.426;0
530.493;0
530.572;0
530.643;0
Mn
530.711;0
530.79;0
530.86;0
530.934;0
531.009;0
531.082;0
531.15;0
531.222;0
531.294;0
531.367;0
531.443;0
531.515;0
531.59;0
531.656;0
531.737;0
531.804;0
531.878;0
531.951;0
532.024;0
532.094;0
532.172;0
532.242;0
532.317;0
532.389;0
532.462;0
532.534;0
532.607;0
532.681;0
532.752;0
vMx
FT
532.825;0
532.898;0
532.975;0
533.046;0
533.119;0
533.19;0
533.262;0
533.337;0
533.41;0
533.483;0
533.555;0
533.63;0
533.703;0
533.774;0
533.848;0
533.925;0
533.993;0
534.068;0
534.136;0
534.21;0
534.284;0
534.354;0
534.434;0
534.502;0
534.576;0
534.647;0
534.719;0
534.795;0
534.868;0
534.937;0
535.006;0
535.08;0
535.158;0
535.232;0
535.308;0
535.378;0
535.447;0
535.52;0
535.594;0
Mn
535.668;0
535.744;0
Mx
535.812;0
Mn
535.885;0
535.963;0
536.036;0
Mx
536.104;0
536.179;0
Mn
536.254;0
536.324;0
Mx
536.398;0
536.471;0
536.541;0
536.615;0
Mn
536.69;0
536.757;0
536.831;0
536.91;0
536.982;0
537.052;0
537.124;0
537.196;0
537.269;0
537.344;0
537.413;0
537.487;0
537.561;0
537.629;0
537.707;0
537.779;0
537.85;0
537.925;0
537.997;0
538.069;0
538.143;0
538.218;0
538.297;0
538.362;0
538.433;0
538.507;0
538.584;0
vMx
FT
538.653;0
538.728;0
538.797;0
538.869;0
538.947;0
539.021;0
539.098;0
539.164;0
539.239;0
539.309;0
539.381;0
539.454;0
539.528;0
539.601;0
539.676;0
539.749;0
539.818;0
539.892;0
539.972;0
540.038;0
540.112;0
540.185;0
540.256;0
540.327;0
540.402;0
540.474;0
540.545;0
540.621;0
540.694;0
540.768;0
Mn
540.839;0
Mx
540.914;0
540.986;0
541.066;0
541.137;0
541.206;0
541.275;0
541.35;0
541.426;0
541.49;0
541.563;0
541.641;0
Mn
541.715;0
541.784;0
541.86;0
541.93;0
542.005;0
542.08;0
542.154;0
542.229;0
542.295;0
542.374;0
542.439;0
542.523;0
542.586;0
542.659;0
542.736;0
542.808;0
542.88;0
542.954;0
543.031;0
543.103;0
543.171;0
543.244;0
543.316;0
543.39;0
543.46;0
543.538;0
543.608;0
543.682;0
543.756;0
vMx
543.825;1
543.904;1
543.976;2
544.048;2
544.119;2
544.193;2
544.261;2
544.343;2
544.409;2
544.483;3
544.558;3
544.636;3
544.705;3
544.78;3
544.847;3
544.921;3
544.989;4
545.064;4
545.136;4
545.207;4
545.284;4
545.355;4
545.431;4
545.501;4
545.575;5
545.645;5
545.724;5
545.797;5
Mn
545.866;5
Mx
545.939;5
546.01;5
546.085;6
546.157;6
546.231;6
Mn
546.305;6
546.376;6
Mx
546.45;6
546.52;6
546.593;7
546.666;7
546.74;7
546.813;7
546.884;7
Mn
546.962;7
547.033;7
547.105;8
547.177;8
547.25;8
547.325;8
547.398;8
Mx
FA
547.467;0
547.541;0
547.615;0
547.686;0
547.764;0
Mn
547.834;0
547.911;0
547.981;0
548.049;0
548.13;0
548.199;0
548.274;0
548.348;0
548.416;0
548.486;0
548.564;0
548.634;0
548.711;0
548.776;0
548.851;0
548.922;0
549.002;0
549.073;0
549.145;0
549.218;0
549.286;0
549.361;0
549.435;0
549.504;0
549.578;0
549.652;0
549.732;0
549.803;0
vMx
549.873;1
549.943;1
550.022;1
550.094;2
550.162;2
550.236;2
550.317;2
550.384;2
550.457;2
550.53;2
550.6;2
550.673;2
550.744;3
550.817;3
550.89;3
550.965;3
551.036;3
551.114;3
551.186;3
551.26;3
551.326;4
551.401;4
551.475;4
551.551;4
551.621;4
551.695;4
551.765;4
551.839;4
551.914;5
551.985;5
552.055;5
552.13;5
Mn
552.2;5
552.278;5
552.351;5
Mx
552.422;5
552.493;5
552.568;6
552.638;6
Mn
552.713;6
552.79;6
Mx
552.862;6
552.938;6
553.004;6
Mn
553.075;6
553.15;7
553.224;7
553.289;7
553.365;7
Mx
553.44;7
553.512;7
553.582;7
553.66;7
Mn
553.732;8
553.807;8
553.877;8
553.955;8
554.021;8
554.1;8
554.169;8
554.244;8
554.319;8
554.388;9
554.463;9
554.53;9
554.616;9
554.679;9
554.753;9
554.825;9
554.898;9
554.97;10
555.044;10
555.118;10
555.189;10
555.261;10
555.334;10
555.406;10
555.478;10
555.553;1
555.626;1
FA
555.704;0
555.774;0
555.844;0
555.916;0
555.995;0
556.063;0
vMx
556.143;1
556.219;1
556.283;1
556.362;1
556.433;2
556.504;2
556.571;2
556.651;2
556.722;2
556.791;2
556.864;2
556.94;2
557.015;3
557.087;3
557.157;3
557.233;3
557.304;3
557.378;3
557.447;3
557.524;3
557.596;3
557.668;4
557.741;4
557.816;4
557.884;4
557.959;4
558.033;4
558.1;4
558.173;4
558.247;4
558.321;5
558.393;5
558.466;5
558.543;5
558.615;5
558.689;5
558.759;5
558.831;5
558.905;6
Mn
558.975;6
559.058;6
559.13;6
559.193;6
Mx
559.269;6
559.343;6
559.421;6
559.488;6
559.56;7
559.634;7
559.714;7
559.782;7
Mn
559.852;7
559.925;7
559.996;7
560.075;7
560.148;8
560.22;8
560.288;8
Mx
560.363;8
560.434;8
560.506;8
560.578;8
560.651;8
Mn
560.73;8
560.803;9
FA
560.873;0
560.945;0
561.017;0
561.09;0
561.167;0
561.237;0
561.307;0
561.381;0
561.452;0
561.532;0
561.605;0
561.668;0
561.747;0
561.818;0
561.895;0
561.965;0
562.037;0
562.112;0
562.182;0
562.256;0
562.327;0
562.403;0
562.474;0
562.548;0
562.621;0
562.697;0
562.768;0
562.839;0
562.911;0
vMx
562.982;1
563.055;1
563.134;1
563.204;1
563.277;1
563.35;2
563.424;2
563.496;2
563.565;2
563.643;2
563.714;2
563.784;2
563.857;2
563.932;2
564.006;3
564.084;3
564.155;3
564.221;3
564.298;3
564.367;3
564.44;3
564.513;3
564.59;3
564.659;4
564.734;4
564.806;4
564.885;4
564.949;4
565.023;4
565.095;4
565.171;4
565.242;4
Mn
565.313;4
Mx
565.389;5
565.461;5
565.534;5
565.607;5
565.679;5
565.751;5
Mn
565.828;5
Mx
565.901;5
565.964;5
Mn
566.044;6
566.118;6
566.187;6
566.265;6
566.337;6
566.406;6
566.479;6
Mx
566.551;6
566.628;6
566.707;7
566.77;7
566.843;7
Mn
566.921;7
Mx
566.988;7
567.064;7
Mn
567.138;7
567.208;7
567.282;7
567.355;7
567.429;8
567.5;8
567.572;8
567.646;8
567.722;8
567.793;8
567.864;8
567.938;8
568.01;8
568.082;9
568.154;9
568.231;9
568.302;9
568.378;9
568.456;9
568.519;9
568.596;9
568.666;9
568.738;9
568.815;10
568.887;10
568.961;10
569.033;10
569.106;10
569.181;10
569.252;10
569.328;10
569.396;10
569.473;1
569.545;1
569.614;1
569.686;1
569.762;1
569.835;1
569.905;1
569.977;1
570.053;1
570.126;2
570.198;2
vMx
570.272;1
570.345;1
570.421;1
570.492;1
570.566;1
570.64;2
570.708;2
570.778;2
570.852;2
570.925;2
571.001;2
571.076;2
571.145;2
571.213;2
571.29;2
571.361;3
571.436;3
571.51;3
571.581;3
571.659;3
571.731;3
571.803;3
571.873;3
571.951;3
572.019;3
572.094;4
572.167;4
572.242;4
572.306;4
572.379;4
572.455;4
572.526;4
572.6;4
572.673;4
572.752;4
572.818;5
572.892;5
572.965;5
573.036;5
573.112;5
573.184;5
Mn
573.257;5
573.329;5
573.402;5
573.48;5
573.544;6
573.618;6
573.692;6
Mx
573.771;6
573.843;6
573.909;6
573.983;6
Mn
574.06;6
574.13;6
574.205;6
574.274;7
574.348;7
574.421;7
574.492;7
574.567;7
574.643;7
574.72;7
Mx
574.789;7
574.864;7
574.929;7
575.005;8
Mn
575.079;8
575.153;8
575.227;8
575.299;8
575.363;8
575.444;8
575.517;8
575.587;8
575.662;8
575.733;9
575.804;9
575.878;9
575.951;9
576.024;9
576.097;9
576.171;9
576.24;9
576.319;9
576.392;9
576.469;10
576.531;10
576.607;10
576.681;10
576.751;10
576.826;10
576.895;10
576.973;10
577.043;10
577.119;10
577.192;1
577.262;1
vMx
577.333;1
577.406;1
577.481;1
577.558;1
577.629;1
577.7;2
577.775;2
577.858;2
577.924;2
577.995;2
578.069;2
FA
578.141;0
578.21;0
578.282;0
578.358;0
578.439;0
578.507;0
578.58;0
578.641;0
578.719;0
578.793;0
578.871;0
578.941;0
Mn
579.014;0
579.083;0
579.154;0
579.234;0
579.299;0
579.379;0
579.449;0
579.526;0
579.599;0
579.672;0
Mx
579.741;0
579.814;0
Mn
579.885;0
579.957;0
580.029;0
580.105;0
580.174;0
580.257;0
580.323;0
580.397;0
580.473;0
580.541;0
580.616;0
580.688;0
580.758;0
580.83;0
580.905;0
580.98;0
581.059;0
581.125;0
581.194;0
581.266;0
581.34;0
581.412;0
581.49;0
vMx
FT
581.562;0
581.634;0
581.705;0
581.777;0
581.852;0
581.93;0
581.999;0
582.069;0
582.142;0
582.215;0
582.288;0
582.358;0
582.437;0
582.507;0
582.58;0
582.658;0
582.728;0
582.797;0
582.871;0
582.944;0
583.015;0
583.089;0
583.164;0
583.243;0
583.316;0
583.383;0
583.458;0
583.533;0
583.6;0
583.67;0
583.751;0
583.816;0
583.89;0
583.968;0
584.038;0
584.109;0
584.185;0
Mn
584.256;0
584.327;0
584.403;0
584.474;0
584.547;0
tMax1.6181e+06ns;tMean191447ns;tStd39055ns