BruMi-20210615-081652_clean.csv;0;75
31.308
31.403
31.492
31.576
31.67
fc0.33fs10.5263a0.178271
31.755
31.845
31.938
32.028
32.117
32.203
32.294
32.385
32.471
32.56
32.65
32.744
32.833
32.929
33.014
33.105
33.19
33.28
33.374
33.463
33.555
33.644
33.734
33.82
33.915
34
34.089
34.185
34.274
34.36
34.453
34.544
34.632
34.721
34.811
34.898
34.989
35.081
35.165
35.26
35.347
35.437
35.527
35.614
35.706
35.797
35.885
35.973
36.066
36.161
36.244
36.333
36.423
36.517
36.609
36.697
36.782
36.876
36.965
37.051
37.141
37.228
37.325
37.412
37.502
37.588
37.686
37.779
37.861
37.952
38.044
38.128
38.218
38.309
38.4
38.488
38.582
38.67
38.758
38.849
38.937
39.031
39.122
39.204
39.293
39.385
39.477
39.573
39.661
39.751
39.837
39.927
40.012
40.107
40.199
40.279
40.368
40.463
40.555
40.641
40.73
40.821
40.91
40.999
41.093
41.179
41.266
41.356
41.446
41.541
41.624
41.715
PRS:36.965;38.67;39.927;0.255273
Mn
41.804;8
41.901;8
41.983;8
42.075;9
42.163;9
42.253;9
42.344;10
42.431;10
42.52;10
vMx
42.617;2
42.702;3
42.79;3
42.881;3
42.97;4
43.068;4
43.156;4
43.24;5
43.34;5
43.421;5
43.507;6
43.602;6
43.688;7
43.778;7
43.869;7
FA
43.959;0
44.048;0
Mn
44.138;0
44.228;0
44.317;0
44.405;0
44.506;0
44.584;0
44.673;0
44.765;0
44.861;0
44.949;0
45.037;0
45.123;0
vMx
45.214;2
45.302;2
45.393;3
45.485;3
45.571;4
45.667;4
45.755;4
45.841;5
45.938;5
46.02;5
46.111;6
46.205;6
46.294;6
46.383;7
46.472;7
46.563;7
46.653;8
46.746;8
FA
46.834;0
46.923;0
47.014;0
47.105;0
47.194;0
47.281;0
Mn
47.374;0
47.462;0
47.549;0
47.641;0
47.731;0
47.819;0
47.912;0
47.998;0
48.092;0
48.182;0
48.272;0
48.358;0
48.456;0
48.542;0
48.632;0
48.725;0
vMx
FT
48.815;0
48.903;0
48.992;0
49.081;0
49.171;0
49.262;0
49.351;0
49.441;0
49.533;0
49.62;0
49.712;0
49.804;0
49.891;0
49.976;0
50.078;0
50.164;0
50.247;0
50.342;0
50.434;0
Mn
50.519;0
50.609;0
50.704;0
50.79;0
50.88;0
50.97;0
51.059;0
51.149;0
51.237;0
51.329;0
vMx
FT
51.421;0
51.51;0
Mn
51.596;0
vMx
FT
51.688;0
51.777;0
51.866;0
51.963;0
52.054;0
52.135;0
52.231;0
52.319;0
52.4;0
52.491;0
52.589;0
52.673;0
52.771;0
52.856;0
52.95;0
53.036;0
53.123;0
53.215;0
53.305;0
53.393;0
53.481;0
53.57;0
53.663;0
Mn
53.747;0
53.842;0
53.932;0
54.021;0
54.115;0
54.203;0
54.292;0
54.382;0
vMx
FT
54.473;0
54.555;0
54.654;0
Mn
54.737;0
Mx
54.829;0
54.922;0
55.013;0
55.102;0
55.192;0
55.28;0
55.366;0
55.458;0
55.55;0
55.638;0
55.735;0
55.82;0
55.909;0
56.002;0
Mn
56.1;0
56.176;0
56.267;0
56.359;0
56.445;0
56.54;0
56.625;0
56.712;0
56.808;0
56.903;0
vMx
56.981;2
57.079;3
FA
57.163;0
57.252;0
57.345;0
57.436;0
57.52;0
57.614;0
57.699;0
57.791;0
57.885;0
57.973;0
58.059;0
58.155;0
58.241;0
58.33;0
58.42;0
58.508;0
58.598;0
Mn
58.692;0
58.779;0
58.867;0
58.967;0
59.053;0
59.14;0
59.235;0
59.32;0
59.405;0
59.497;0
59.587;0
59.676;0
59.765;0
vMx
FA
59.856;0
59.949;0
60.037;0
60.125;0
60.216;0
60.301;0
60.393;0
60.479;0
60.575;0
60.664;0
60.748;0
60.843;0
60.933;0
61.026;0
61.116;0
61.202;0
61.291;0
61.376;0
61.469;0
61.558;0
61.648;0
Mn
61.735;0
61.831;0
61.916;0
62.014;0
62.094;0
62.183;0
62.277;0
62.362;0
62.45;0
62.541;0
62.635;0
62.723;0
62.811;0
62.903;0
62.994;0
63.082;0
vMx
FA
63.166;0
63.26;0
63.351;0
63.44;0
63.531;0
63.619;0
63.707;0
63.802;0
63.89;0
63.976;0
64.067;0
64.155;0
64.244;0
64.335;0
64.429;0
64.513;0
64.603;0
64.692;0
64.783;0
64.874;0
64.964;0
65.05;0
65.138;0
65.228;0
65.321;0
65.408;0
65.498;0
65.587;0
65.679;0
Mn
65.768;0
65.856;0
65.951;0
66.035;0
66.124;0
66.22;0
66.308;0
66.397;0
Mx
66.486;0
66.578;0
66.669;0
66.758;0
66.847;0
66.937;0
67.026;0
67.118;0
67.211;0
67.298;0
67.384;0
67.477;0
67.567;0
67.659;0
67.741;0
67.834;0
67.924;0
68.012;0
68.103;0
68.19;0
68.281;0
68.371;0
68.469;0
68.559;0
68.648;0
68.729;0
68.822;0
68.915;0
69.003;0
69.089;0
Mn
69.18;0
69.27;0
69.356;0
69.451;0
69.537;0
69.625;0
69.724;0
69.807;0
69.897;0
69.989;0
Mx
70.082;0
70.171;0
70.256;0
70.347;0
70.437;0
70.525;0
Mn
70.616;0
70.704;0
70.797;0
Mx
70.886;0
Mn
70.972;0
Mx
71.065;0
71.164;0
71.243;0
71.33;0
71.421;0
71.511;0
71.604;0
71.69;0
71.782;0
71.869;0
71.965;0
72.055;0
72.144;0
72.233;0
72.317;0
72.408;0
72.5;0
72.588;0
72.679;0
72.767;0
Mn
72.862;0
72.951;0
73.038;0
73.125;0
73.216;0
73.307;0
73.396;0
73.489;0
73.583;0
73.666;0
73.756;0
73.85;0
73.934;0
vMx
FT
74.028;0
74.117;0
74.207;0
74.297;0
74.387;0
74.473;0
74.562;0
74.653;0
74.742;0
74.833;0
74.923;0
75.014;0
75.105;0
75.192;0
75.285;0
75.374;0
75.463;0
75.562;0
75.65;0
75.732;0
75.821;0
75.915;0
76.004;0
76.094;0
76.187;0
76.275;0
76.365;0
76.451;0
76.544;0
76.639;0
76.726;0
Mn
76.817;0
76.899;0
76.995;0
77.08;0
77.172;0
77.262;0
77.352;0
77.438;0
77.531;0
77.622;0
77.713;0
77.803;0
77.892;0
77.983;0
78.07;0
78.163;0
vMx
FT
78.256;0
Mn
78.341;0
78.436;0
vMx
FT
78.517;0
78.607;0
78.7;0
78.786;0
78.879;0
78.969;0
79.057;0
79.155;0
79.247;0
79.322;0
79.417;0
79.505;0
79.597;0
79.692;0
79.777;0
79.866;0
79.955;0
80.045;0
Mn
80.131;0
80.227;0
80.315;0
80.399;0
80.498;0
80.585;0
80.668;0
80.767;0
80.858;0
80.942;0
81.035;0
81.119;0
81.219;0
81.302;0
81.391;0
81.481;0
81.572;0
vMx
FT
81.662;0
81.749;0
81.84;0
81.929;0
82.017;0
82.112;0
82.2;0
82.286;0
82.379;0
82.47;0
82.558;0
82.647;0
82.736;0
82.827;0
82.924;0
83.011;0
83.099;0
83.187;0
83.277;0
83.362;0
83.454;0
83.545;0
83.629;0
83.724;0
83.814;0
83.901;0
83.992;0
84.084;0
84.171;0
84.261;0
84.352;0
84.441;0
84.532;0
84.62;0
84.709;0
Mn
84.802;0
84.893;0
84.979;0
85.069;0
85.161;0
85.246;0
85.343;0
85.428;0
85.523;0
85.612;0
85.702;0
85.786;0
85.882;0
vMx
FT
85.974;0
86.055;0
86.145;0
86.243;0
86.324;0
Mn
86.414;0
86.507;0
Mx
86.591;0
86.683;0
86.772;0
86.862;0
Mn
86.953;0
Mx
87.045;0
87.132;0
87.223;0
87.314;0
87.403;0
87.494;0
87.584;0
87.669;0
87.77;0
87.86;0
87.941;0
88.032;0
88.124;0
88.211;0
88.299;0
88.395;0
88.474;0
88.57;0
88.661;0
88.745;0
Mn
88.837;0
88.928;0
89.02;0
89.11;0
89.197;0
89.285;0
89.376;0
89.469;0
89.552;0
vMx
FA
89.649;0
89.736;0
89.823;0
89.913;0
90.011;0
90.091;0
90.183;0
90.279;0
90.362;0
90.452;0
90.543;0
90.63;0
90.724;0
90.813;0
90.901;0
90.994;0
91.082;0
91.168;0
91.257;0
91.35;0
91.436;0
91.525;0
91.619;0
91.708;0
91.799;0
91.889;0
91.977;0
Mn
92.074;0
92.165;0
92.248;0
92.338;0
92.428;0
92.516;0
92.602;0
92.698;0
92.788;0
92.878;0
92.967;0
vMx
93.058;2
Mn
FA
93.152;0
93.241;0
vMx
FT
93.328;0
93.424;0
93.509;0
93.592;0
93.684;0
93.774;0
93.865;0
93.951;0
94.043;0
94.134;0
94.223;0
94.312;0
94.402;0
94.493;0
94.582;0
94.673;0
94.757;0
94.853;0
94.937;0
95.029;0
95.121;0
95.211;0
Mn
95.298;0
95.391;0
95.473;0
95.569;0
95.658;0
95.748;0
95.836;0
95.925;0
96.014;0
96.107;0
96.192;0
96.289;0
96.377;0
96.464;0
vMx
FT
96.559;0
96.648;0
96.736;0
Mn
96.829;0
96.915;0
97.005;0
Mx
97.092;0
97.182;0
97.269;0
97.361;0
97.459;0
97.541;0
97.626;0
97.716;0
97.809;0
97.901;0
97.986;0
98.079;0
98.169;0
98.261;0
98.345;0
Mn
98.434;0
98.524;0
98.613;0
98.703;0
Mx
98.794;0
Mn
98.888;0
98.974;0
99.065;0
99.152;0
99.245;0
99.332;0
99.428;0
99.513;0
99.603;0
99.694;0
99.783;0
vMx
99.872;2
99.966;2
100.05;2
100.139;3
100.229;3
FA
100.32;0
100.414;0
100.501;0
100.587;0
100.682;0
100.772;0
100.859;0
100.954;0
101.039;0
101.126;0
101.218;0
101.307;0
101.403;0
101.494;0
101.585;0
101.662;0
101.757;0
Mn
101.843;0
101.937;0
102.022;0
102.114;0
102.205;0
102.294;0
102.39;0
102.473;0
102.566;0
102.652;0
102.74;0
102.833;0
102.921;0
103.01;0
103.1;0
103.19;0
103.28;0
103.37;0
103.471;0
vMx
FA
103.548;0
103.64;0
103.729;0
103.819;0
103.908;0
103.999;0
104.091;0
104.182;0
104.271;0
104.356;0
104.446;0
104.538;0
104.625;0
104.716;0
104.805;0
104.902;0
104.987;0
105.075;0
105.169;0
105.259;0
105.349;0
105.438;0
105.525;0
105.616;0
105.705;0
105.793;0
105.885;0
105.977;0
106.068;0
106.154;0
106.24;0
106.332;0
106.421;0
106.511;0
106.599;0
106.69;0
106.785;0
Mn
106.875;0
106.964;0
107.053;0
107.147;0
107.23;0
107.318;0
107.409;0
107.499;0
107.589;0
107.68;0
107.768;0
107.862;0
107.951;0
108.039;0
108.131;0
108.222;0
108.31;0
108.399;0
108.49;0
vMx
FT
108.582;0
108.673;0
108.759;0
108.848;0
108.936;0
109.028;0
109.122;0
109.209;0
109.296;0
109.388;0
109.479;0
109.566;0
109.654;0
109.746;0
109.839;0
109.927;0
110.014;0
110.106;0
110.195;0
110.284;0
110.379;0
110.467;0
110.555;0
110.645;0
Mn
110.733;0
110.824;0
110.914;0
111.008;0
111.093;0
111.184;0
111.277;0
111.365;0
111.455;0
111.546;0
111.634;0
111.73;0
111.819;0
111.898;0
111.999;0
112.087;0
112.169;0
112.26;0
112.352;0
112.443;0
112.53;0
112.622;0
112.707;0
112.8;0
112.891;0
112.978;0
vMx
FA
113.067;0
113.163;0
113.249;0
113.345;0
113.432;0
113.517;0
113.611;0
113.699;0
113.789;0
113.878;0
113.967;0
114.061;0
114.148;0
114.238;0
114.328;0
114.421;0
114.502;0
114.601;0
114.693;0
114.783;0
114.861;0
114.957;0
115.051;0
Mn
115.131;0
115.223;0
115.315;0
115.405;0
115.495;0
115.586;0
115.672;0
115.764;0
115.854;0
115.943;0
116.03;0
116.122;0
116.208;0
116.299;0
116.394;0
116.478;0
116.576;0
vMx
FA
116.66;0
116.749;0
116.84;0
116.927;0
Mn
117.021;0
vMx
FT
117.109;0
117.199;0
Mn
117.288;0
117.377;0
117.469;0
117.553;0
117.647;0
117.739;0
vMx
FT
117.828;0
117.917;0
118.005;0
118.098;0
118.181;0
118.279;0
118.362;0
118.45;0
118.549;0
118.637;0
118.722;0
118.813;0
118.9;0
118.988;0
119.078;0
119.169;0
119.255;0
119.349;0
119.439;0
119.529;0
119.62;0
119.705;0
119.793;0
119.886;0
119.975;0
120.065;0
120.154;0
Mn
120.245;0
120.335;0
120.424;0
120.514;0
120.603;0
120.694;0
120.784;0
120.873;0
120.965;0
121.053;0
121.142;0
121.231;0
121.322;0
121.411;0
121.499;0
121.59;0
121.681;0
121.771;0
121.859;0
121.949;0
vMx
FT
122.039;0
122.13;0
122.217;0
122.308;0
122.397;0
122.488;0
122.577;0
122.669;0
122.759;0
122.849;0
122.933;0
123.024;0
123.114;0
123.203;0
123.294;0
123.384;0
123.471;0
123.561;0
123.653;0
123.742;0
123.832;0
123.922;0
124.008;0
124.104;0
124.198;0
124.282;0
Mn
124.371;0
124.459;0
124.548;0
124.637;0
124.73;0
124.817;0
124.909;0
124.998;0
125.089;0
125.178;0
125.267;0
125.357;0
125.447;0
125.538;0
125.624;0
125.718;0
vMx
FA
125.808;0
125.899;0
125.989;0
126.074;0
126.163;0
126.256;0
126.343;0
126.433;0
126.523;0
126.613;0
126.702;0
126.794;0
126.884;0
126.971;0
127.065;0
127.155;0
127.246;0
127.334;0
127.422;0
Mn
127.514;0
127.604;0
127.691;0
127.78;0
127.871;0
127.964;0
128.05;0
128.14;0
128.233;0
128.319;0
128.411;0
128.5;0
128.589;0
128.678;0
128.775;0
128.862;0
128.951;0
129.042;0
129.13;0
129.22;0
vMx
129.309;2
129.401;2
129.49;2
129.579;3
129.667;3
129.757;3
129.847;3
129.936;4
130.028;4
130.118;4
130.206;4
130.298;5
130.385;5
130.475;5
130.567;5
130.657;6
130.745;6
130.834;6
130.924;6
131.015;7
131.105;7
Mn
131.199;7
131.285;7
131.375;8
131.467;8
131.553;8
131.643;8
131.733;9
131.826;9
131.912;9
132.004;9
FA
132.093;0
132.184;0
132.273;0
132.364;0
132.452;0
132.544;0
vMx
132.633;2
Mn
132.722;2
132.813;2
vMx
FT
132.903;0
132.994;0
133.079;0
133.172;0
133.263;0
133.352;0
133.44;0
133.529;0
133.618;0
133.704;0
133.799;0
133.889;0
133.977;0
134.067;0
134.162;0
134.251;0
134.336;0
134.427;0
134.516;0
134.609;0
134.695;0
134.791;0
134.879;0
134.965;0
135.062;0
135.149;0
Mn
135.235;0
135.33;0
135.417;0
135.505;0
135.597;0
135.685;0
135.774;0
135.869;0
135.953;0
136.044;0
136.133;0
136.225;0
136.314;0
vMx
FT
136.403;0
136.493;0
136.583;0
136.673;0
136.764;0
136.856;0
136.941;0
137.04;0
137.124;0
137.213;0
137.306;0
137.396;0
137.482;0
137.568;0
137.659;0
137.75;0
137.845;0
137.934;0
138.022;0
138.112;0
138.203;0
Mn
138.285;0
138.38;0
138.479;0
138.559;0
138.654;0
138.745;0
138.829;0
138.921;0
139.011;0
139.094;0
139.19;0
139.276;0
139.369;0
139.464;0
139.549;0
139.636;0
139.728;0
139.825;0
139.91;0
139.997;0
140.09;0
vMx
FA
140.183;0
140.265;0
140.351;0
140.449;0
140.537;0
140.624;0
140.711;0
140.805;0
140.896;0
140.98;0
141.075;0
141.166;0
141.261;0
141.345;0
141.441;0
Mn
141.523;0
141.62;0
Mx
141.702;0
141.788;0
141.881;0
Mn
141.969;0
142.058;0
142.155;0
142.243;0
142.328;0
142.423;0
142.512;0
142.602;0
142.698;0
vMx
FT
142.787;0
142.871;0
142.965;0
143.051;0
143.135;0
143.232;0
143.322;0
143.409;0
143.503;0
143.591;0
143.674;0
143.772;0
143.861;0
143.946;0
144.039;0
144.128;0
144.214;0
144.307;0
144.396;0
144.486;0
144.576;0
144.668;0
144.753;0
144.849;0
144.937;0
145.019;0
Mn
145.115;0
145.202;0
145.293;0
145.385;0
145.475;0
145.56;0
145.655;0
145.743;0
145.834;0
145.92;0
146.014;0
146.104;0
146.194;0
146.283;0
vMx
FT
146.366;0
146.46;0
146.549;0
146.635;0
146.731;0
146.821;0
146.907;0
146.997;0
147.088;0
147.176;0
147.267;0
147.356;0
147.443;0
147.537;0
147.628;0
147.711;0
147.801;0
147.893;0
147.98;0
148.078;0
148.165;0
148.247;0
148.344;0
148.432;0
Mn
148.519;0
148.616;0
148.7;0
148.789;0
148.881;0
148.973;0
149.062;0
149.148;0
149.238;0
149.326;0
149.424;0
149.506;0
149.602;0
149.687;0
149.779;0
149.866;0
149.957;0
150.048;0
150.136;0
vMx
FA
150.231;0
150.32;0
150.408;0
150.494;0
150.582;0
150.676;0
150.767;0
150.855;0
150.947;0
151.037;0
151.126;0
151.214;0
151.304;0
151.391;0
151.487;0
151.574;0
Mn
151.66;0
151.754;0
151.842;0
151.932;0
152.023;0
152.109;0
152.2;0
Mx
152.295;0
152.38;0
152.468;0
152.562;0
152.648;0
152.739;0
Mn
152.827;0
152.916;0
153.006;0
153.1;0
153.19;0
153.279;0
153.365;0
153.459;0
153.545;0
Mx
153.635;0
Mn
153.722;0
153.815;0
Mx
153.905;0
154;0
154.083;0
154.169;0
154.262;0
154.355;0
154.443;0
154.533;0
154.623;0
154.707;0
154.8;0
154.889;0
154.978;0
155.065;0
155.159;0
155.249;0
155.34;0
155.425;0
155.516;0
155.607;0
155.692;0
155.786;0
155.875;0
Mn
155.968;0
156.055;0
156.145;0
156.236;0
Mx
156.325;0
156.414;0
156.504;0
156.591;0
156.683;0
156.773;0
156.862;0
156.954;0
157.046;0
157.131;0
157.225;0
157.315;0
157.398;0
157.492;0
157.583;0
157.671;0
157.761;0
157.857;0
157.945;0
158.029;0
158.119;0
Mn
158.211;0
158.3;0
158.388;0
158.481;0
158.57;0
158.659;0
158.748;0
158.839;0
158.931;0
159.018;0
159.104;0
159.203;0
159.286;0
159.373;0
159.466;0
159.555;0
159.646;0
159.736;0
159.824;0
159.915;0
160.005;0
160.097;0
160.182;0
160.273;0
160.365;0
Mx
160.457;0
160.543;0
160.633;0
160.724;0
160.814;0
160.904;0
160.993;0
161.088;0
161.174;0
Mn
161.266;0
161.356;0
161.441;0
161.531;0
Mx
161.621;0
Mn
161.711;0
161.804;0
161.892;0
161.982;0
162.072;0
162.162;0
162.254;0
162.339;0
162.432;0
162.517;0
Mx
162.608;0
162.703;0
Mn
162.795;0
162.885;0
162.974;0
163.055;0
Mx
163.151;0
163.238;0
163.333;0
163.421;0
Mn
163.509;0
Mx
163.602;0
163.692;0
Mn
163.779;0
Mx
163.87;0
163.957;0
164.047;0
164.142;0
164.231;0
164.316;0
164.411;0
164.5;0
164.585;0
164.675;0
164.765;0
164.852;0
164.945;0
165.034;0
165.125;0
165.214;0
Mn
165.303;0
165.392;0
165.481;0
165.572;0
165.663;0
165.75;0
165.843;0
165.929;0
166.025;0
166.118;0
166.21;0
166.296;0
166.383;0
166.472;0
166.558;0
166.65;0
166.742;0
Mx
166.833;0
166.922;0
Mn
167.011;0
167.105;0
Mx
167.19;0
167.281;0
167.37;0
167.46;0
167.548;0
167.637;0
167.733;0
167.821;0
167.903;0
167.995;0
168.091;0
Mn
168.178;0
168.27;0
168.36;0
Mx
168.452;0
168.534;0
168.624;0
168.717;0
168.805;0
168.899;0
168.985;0
169.076;0
169.166;0
169.258;0
169.343;0
169.437;0
169.523;0
169.617;0
169.707;0
169.795;0
169.888;0
169.973;0
170.062;0
170.163;0
170.249;0
170.331;0
170.424;0
170.521;0
170.602;0
170.691;0
Mn
170.782;0
170.879;0
170.966;0
171.051;0
171.137;0
171.231;0
171.33;0
171.409;0
171.504;0
171.593;0
171.681;0
171.771;0
171.86;0
171.945;0
172.038;0
172.132;0
172.221;0
Mx
172.311;0
172.401;0
172.485;0
172.578;0
172.669;0
172.756;0
172.849;0
172.936;0
173.026;0
173.118;0
173.207;0
173.294;0
173.385;0
173.482;0
173.564;0
173.656;0
173.748;0
173.833;0
173.93;0
174.014;0
174.104;0
174.196;0
174.287;0
174.38;0
174.465;0
174.555;0
174.644;0
Mn
174.733;0
174.832;0
174.911;0
175.005;0
175.095;0
175.186;0
175.276;0
175.366;0
175.453;0
175.552;0
175.635;0
175.716;0
175.813;0
175.897;0
175.994;0
176.08;0
Mx
176.174;0
Mn
176.264;0
176.348;0
Mx
176.442;0
176.531;0
176.624;0
176.71;0
176.798;0
176.892;0
176.979;0
177.071;0
177.16;0
177.249;0
177.335;0
177.427;0
177.52;0
177.603;0
177.709;0
177.794;0
177.877;0
177.969;0
178.056;0
178.143;0
178.24;0
178.329;0
178.41;0
178.51;0
178.599;0
178.682;0
178.78;0
178.87;0
Mn
178.95;0
Mx
179.043;0
179.133;0
Mn
179.22;0
179.322;0
179.407;0
179.491;0
179.582;0
179.674;0
179.762;0
179.86;0
179.943;0
180.027;0
180.119;0
180.21;0
180.296;0
Mx
180.387;0
180.483;0
180.568;0
180.658;0
180.751;0
180.843;0
180.931;0
181.018;0
181.108;0
181.197;0
Mn
181.286;0
Mx
181.377;0
181.476;0
181.557;0
181.642;0
181.745;0
181.835;0
181.912;0
182.006;0
182.097;0
182.182;0
182.274;0
182.363;0
182.452;0
182.549;0
182.64;0
182.724;0
182.811;0
182.899;0
182.99;0
Mn
183.084;0
183.173;0
183.262;0
183.355;0
183.44;0
183.525;0
183.62;0
183.71;0
183.796;0
183.889;0
183.978;0
184.072;0
184.166;0
184.255;0
184.337;0
Mx
184.429;0
184.519;0
184.602;0
184.7;0
184.793;0
184.879;0
184.968;0
185.057;0
185.145;0
185.235;0
185.325;0
185.416;0
185.508;0
185.602;0
Mn
185.681;0
Mx
185.779;0
185.865;0
185.95;0
186.045;0
186.14;0
186.22;0
186.309;0
186.407;0
186.491;0
186.581;0
186.672;0
186.758;0
186.854;0
186.943;0
187.03;0
187.119;0
187.21;0
187.295;0
187.392;0
187.48;0
187.567;0
Mn
187.661;0
187.748;0
187.836;0
187.928;0
188.018;0
188.108;0
188.198;0
188.289;0
188.375;0
188.468;0
188.556;0
188.648;0
188.737;0
188.825;0
188.913;0
Mx
189.004;0
189.099;0
189.185;0
189.277;0
189.363;0
189.451;0
189.539;0
189.634;0
189.719;0
189.814;0
189.904;0
189.995;0
190.081;0
Mn
190.174;0
Mx
190.257;0
190.349;0
190.44;0
190.533;0
190.626;0
190.711;0
190.796;0
190.892;0
190.977;0
191.073;0
191.16;0
191.253;0
191.334;0
191.43;0
191.521;0
191.605;0
191.707;0
191.798;0
191.874;0
191.967;0
192.056;0
Mn
192.146;0
192.236;0
192.329;0
192.415;0
192.509;0
192.602;0
192.687;0
192.775;0
192.864;0
192.949;0
193.044;0
193.134;0
193.222;0
193.318;0
Mx
193.407;0
193.49;0
193.58;0
193.672;0
193.762;0
193.856;0
193.944;0
194.026;0
194.117;0
194.213;0
194.303;0
194.394;0
194.485;0
194.565;0
194.66;0
194.749;0
194.837;0
194.934;0
195.017;0
195.104;0
195.2;0
195.288;0
Mn
195.375;0
195.474;0
195.56;0
195.649;0
195.74;0
195.83;0
195.914;0
196.007;0
196.098;0
196.183;0
196.27;0
196.365;0
196.458;0
196.542;0
Mx
196.639;0
196.725;0
196.816;0
196.902;0
196.988;0
197.088;0
197.168;0
197.262;0
197.36;0
197.445;0
197.527;0
197.626;0
197.714;0
197.804;0
197.891;0
197.984;0
198.07;0
198.159;0
198.256;0
198.344;0
198.437;0
198.527;0
198.606;0
198.696;0
198.785;0
198.878;0
198.97;0
199.059;0
199.144;0
Mn
199.239;0
199.327;0
199.41;0
199.516;0
199.607;0
199.685;0
199.776;0
199.867;0
199.952;0
200.044;0
200.137;0
200.226;0
200.319;0
200.411;0
200.495;0
200.583;0
200.672;0
200.757;0
200.855;0
200.943;0
Mx
201.03;0
201.12;0
201.218;0
201.303;0
201.39;0
201.483;0
201.573;0
201.666;0
201.753;0
201.846;0
201.933;0
202.018;0
202.104;0
202.196;0
202.282;0
202.374;0
202.472;0
202.559;0
202.641;0
202.74;0
202.831;0
202.916;0
203.006;0
203.095;0
203.182;0
203.27;0
203.364;0
203.452;0
203.55;0
Mn
203.636;0
203.724;0
203.815;0
203.905;0
203.989;0
204.086;0
204.173;0
204.256;0
204.351;0
204.443;0
204.53;0
204.622;0
204.71;0
204.8;0
204.89;0
204.981;0
Mx
205.064;0
205.158;0
205.254;0
205.339;0
205.435;0
205.526;0
205.605;0
205.702;0
205.796;0
205.877;0
205.973;0
206.065;0
206.15;0
206.234;0
206.327;0
206.413;0
206.51;0
206.595;0
206.684;0
206.774;0
206.865;0
206.95;0
207.044;0
207.137;0
207.222;0
207.312;0
207.41;0
207.49;0
207.584;0
207.673;0
207.761;0
207.854;0
Mn
207.943;0
208.038;0
208.121;0
208.212;0
208.302;0
208.391;0
208.48;0
208.567;0
208.66;0
208.749;0
208.843;0
208.93;0
209.018;0
209.109;0
209.196;0
Mx
209.29;0
209.372;0
209.466;0
209.556;0
209.645;0
209.735;0
209.824;0
209.911;0
210.003;0
210.095;0
210.186;0
210.275;0
210.363;0
210.454;0
210.545;0
210.633;0
210.718;0
210.815;0
210.908;0
210.993;0
211.083;0
211.177;0
211.262;0
211.35;0
211.449;0
211.534;0
211.625;0
211.709;0
211.799;0
Mn
211.894;0
211.979;0
212.067;0
212.161;0
212.25;0
212.336;0
212.433;0
212.52;0
212.613;0
212.699;0
Mx
212.791;0
212.88;0
Mn
212.972;0
213.055;0
213.143;0
Mx
213.235;0
213.335;0
213.414;0
213.509;0
213.595;0
213.686;0
213.776;0
213.866;0
213.957;0
214.043;0
214.134;0
214.223;0
214.311;0
214.404;0
214.49;0
214.584;0
214.673;0
214.763;0
214.852;0
214.945;0
215.03;0
215.133;0
215.211;0
215.299;0
215.391;0
215.478;0
215.569;0
215.662;0
215.753;0
215.836;0
215.929;0
216.023;0
216.106;0
216.198;0
Mn
216.288;0
216.375;0
216.469;0
216.558;0
216.642;0
216.739;0
216.828;0
216.913;0
217.005;0
217.093;0
217.194;0
217.275;0
217.365;0
217.451;0
217.545;0
217.636;0
217.721;0
217.817;0
217.907;0
217.993;0
218.082;0
218.172;0
218.26;0
218.351;0
218.443;0
218.532;0
218.623;0
218.71;0
218.798;0
Mx
218.889;0
218.983;0
219.067;0
219.16;0
219.253;0
219.336;0
219.427;0
219.517;0
219.609;0
219.694;0
219.788;0
219.874;0
219.972;0
220.059;0
220.142;0
220.243;0
220.332;0
220.416;0
220.511;0
220.596;0
220.686;0
220.776;0
220.868;0
220.954;0
221.045;0
221.14;0
221.222;0
221.312;0
221.413;0
221.49;0
Mn
221.581;0
221.675;0
221.762;0
221.858;0
221.945;0
222.031;0
222.129;0
222.212;0
222.308;0
222.397;0
222.48;0
222.565;0
222.661;0
222.75;0
222.838;0
222.932;0
223.019;0
223.104;0
223.196;0
Mx
223.286;0
223.376;0
223.473;0
223.562;0
223.645;0
223.741;0
223.83;0
223.918;0
224.007;0
224.098;0
224.182;0
224.276;0
224.364;0
224.452;0
224.545;0
224.632;0
224.72;0
224.816;0
224.907;0
224.995;0
225.078;0
225.171;0
Mn
225.258;0
225.357;0
225.444;0
Mx
225.531;0
225.62;0
Mn
225.714;0
225.804;0
225.892;0
225.981;0
226.078;0
226.163;0
226.257;0
226.342;0
226.434;0
226.523;0
226.616;0
226.701;0
226.791;0
226.877;0
226.968;0
Mx
227.056;0
227.145;0
227.243;0
227.329;0
227.414;0
227.512;0
227.598;0
227.685;0
227.774;0
227.867;0
227.958;0
228.046;0
228.137;0
228.223;0
228.314;0
228.407;0
228.488;0
228.581;0
228.678;0
228.76;0
228.852;0
228.943;0
229.031;0
229.123;0
Mn
229.213;0
Mx
229.299;0
229.392;0
Mn
229.483;0
229.566;0
229.668;0
229.757;0
229.845;0
229.933;0
230.02;0
230.106;0
230.199;0
230.293;0
230.376;0
230.469;0
230.558;0
230.648;0
230.738;0
230.828;0
Mx
230.914;0
231.01;0
231.097;0
231.181;0
231.279;0
231.365;0
231.452;0
231.552;0
231.643;0
231.723;0
231.819;0
231.905;0
231.992;0
232.091;0
232.177;0
232.263;0
232.355;0
232.443;0
232.537;0
232.628;0
232.713;0
232.802;0
232.895;0
232.984;0
233.067;0
233.156;0
233.253;0
233.338;0
233.431;0
233.52;0
233.608;0
233.7;0
233.793;0
Mn
233.876;0
233.971;0
234.059;0
234.149;0
234.24;0
234.329;0
234.42;0
234.506;0
234.602;0
234.681;0
234.784;0
234.867;0
Mx
234.958;0
235.049;0
235.138;0
235.23;0
235.32;0
235.406;0
235.493;0
235.591;0
235.672;0
235.761;0
235.861;0
235.948;0
236.032;0
236.123;0
236.214;0
236.299;0
236.393;0
236.48;0
236.57;0
236.664;0
236.751;0
236.842;0
236.934;0
237.024;0
237.11;0
237.201;0
237.293;0
237.385;0
Mn
237.469;0
237.559;0
237.649;0
237.739;0
237.827;0
237.915;0
238.008;0
238.097;0
238.186;0
238.271;0
238.362;0
238.46;0
238.551;0
238.641;0
238.719;0
Mx
238.814;0
238.911;0
238.995;0
239.082;0
239.177;0
239.263;0
239.359;0
239.443;0
239.53;0
239.623;0
239.714;0
239.803;0
239.892;0
239.985;0
240.069;0
240.165;0
240.258;0
240.342;0
240.433;0
240.523;0
240.611;0
240.706;0
240.796;0
240.874;0
240.969;0
241.058;0
241.148;0
241.237;0
241.327;0
Mn
241.414;0
241.507;0
241.597;0
241.683;0
241.781;0
241.868;0
241.958;0
242.049;0
242.135;0
242.226;0
242.313;0
242.404;0
242.492;0
242.585;0
242.671;0
Mx
242.763;0
Mn
242.854;0
Mx
242.942;0
243.036;0
243.128;0
243.221;0
243.302;0
243.391;0
243.484;0
243.567;0
243.663;0
243.756;0
243.839;0
243.929;0
244.022;0
244.107;0
244.201;0
244.289;0
244.378;0
244.47;0
244.566;0
244.652;0
244.737;0
244.83;0
244.924;0
245.015;0
245.103;0
245.185;0
Mn
245.285;0
245.367;0
245.453;0
245.544;0
245.634;0
245.723;0
245.821;0
245.904;0
246;0
246.086;0
246.176;0
246.264;0
246.353;0
246.445;0
246.53;0
246.623;0
246.713;0
246.802;0
246.893;0
246.985;0
Mx
247.074;0
Mn
247.164;0
247.258;0
247.34;0
247.438;0
247.52;0
Mx
247.608;0
Mn
247.701;0
247.798;0
247.877;0
247.97;0
248.06;0
248.146;0
248.24;0
248.331;0
248.419;0
Mx
248.51;0
248.6;0
248.683;0
248.779;0
248.869;0
248.957;0
249.049;0
249.14;0
249.224;0
249.316;0
249.401;0
249.494;0
249.585;0
249.675;0
249.762;0
249.86;0
249.945;0
250.032;0
250.126;0
250.214;0
250.306;0
Mn
250.394;0
250.489;0
250.576;0
250.659;0
250.756;0
250.846;0
250.932;0
251.022;0
251.106;0
251.2;0
251.29;0
251.378;0
251.48;0
251.566;0
251.648;0
251.738;0
251.83;0
251.918;0
Mx
252.01;0
252.102;0
252.189;0
252.278;0
252.368;0
Mn
252.453;0
Mx
252.548;0
252.633;0
Mn
252.726;0
252.816;0
252.906;0
252.996;0
Mx
253.086;0
253.178;0
253.264;0
253.359;0
Mn
253.448;0
253.535;0
Mx
253.624;0
253.716;0
253.804;0
253.892;0
253.982;0
254.07;0
254.167;0
254.254;0
254.343;0
254.434;0
254.524;0
254.612;0
254.701;0
254.789;0
254.887;0
254.977;0
255.068;0
255.145;0
255.236;0
255.332;0
255.422;0
Mn
255.509;0
255.599;0
255.686;0
Mx
255.781;0
Mn
255.868;0
255.956;0
256.052;0
256.138;0
256.224;0
256.318;0
256.408;0
256.495;0
256.589;0
256.679;0
256.762;0
Mx
256.851;0
Mn
256.945;0
257.032;0
257.127;0
257.217;0
257.302;0
257.4;0
Mx
257.487;0
Mn
257.569;0
257.663;0
257.753;0
257.846;0
Mx
257.932;0
258.033;0
258.11;0
258.199;0
258.289;0
258.378;0
258.471;0
258.56;0
258.646;0
258.741;0
258.829;0
258.918;0
259.016;0
259.105;0
259.186;0
259.279;0
259.37;0
259.463;0
Mn
259.549;0
259.642;0
259.729;0
259.819;0
259.902;0
259.996;0
260.09;0
260.178;0
260.263;0
260.359;0
260.446;0
260.533;0
260.627;0
Mx
260.715;0
260.802;0
260.897;0
260.985;0
261.073;0
261.166;0
261.253;0
261.34;0
261.433;0
261.528;0
261.61;0
261.701;0
261.799;0
261.877;0
261.977;0
262.068;0
262.148;0
262.242;0
262.334;0
262.419;0
262.508;0
262.601;0
262.689;0
262.779;0
262.874;0
262.963;0
263.049;0
263.141;0
263.225;0
263.315;0
263.409;0
263.494;0
263.585;0
Mn
263.678;0
263.766;0
263.858;0
263.946;0
264.034;0
264.127;0
264.218;0
264.306;0
264.398;0
264.486;0
264.571;0
264.671;0
264.754;0
264.841;0
Mx
264.933;0
265.022;0
265.114;0
265.204;0
265.296;0
265.377;0
265.471;0
265.561;0
265.655;0
265.74;0
265.832;0
265.914;0
266.017;0
266.1;0
266.183;0
266.28;0
266.37;0
266.461;0
266.549;0
266.637;0
266.727;0
266.821;0
266.907;0
266.996;0
267.088;0
267.181;0
267.264;0
267.359;0
267.449;0
Mn
267.53;0
267.628;0
267.712;0
267.803;0
267.893;0
267.984;0
268.074;0
268.164;0
268.252;0
268.341;0
268.434;0
268.522;0
268.61;0
268.703;0
268.793;0
268.88;0
Mx
268.972;0
269.068;0
269.149;0
269.247;0
269.33;0
269.417;0
269.515;0
269.604;0
269.693;0
269.779;0
269.871;0
269.957;0
270.048;0
270.136;0
270.226;0
270.324;0
270.412;0
270.497;0
270.589;0
270.677;0
270.761;0
270.857;0
270.945;0
Mn
271.036;0
271.131;0
Mx
271.219;0
Mn
271.309;0
271.396;0
271.487;0
271.574;0
271.661;0
271.761;0
271.845;0
271.939;0
272.025;0
272.111;0
272.201;0
Mx
272.293;0
272.387;0
272.472;0
272.569;0
Mn
272.645;0
Mx
272.743;0
272.834;0
272.919;0
273.017;0
273.109;0
273.193;0
273.28;0
273.37;0
273.459;0
273.557;0
273.638;0
273.724;0
273.82;0
273.908;0
273.994;0
274.088;0
274.18;0
274.269;0
274.358;0
274.451;0
274.541;0
274.636;0
274.717;0
274.803;0
274.893;0
Mn
274.985;0
275.074;0
275.162;0
275.254;0
275.341;0
275.438;0
275.524;0
tMax1.321e+06ns;tMean171714ns;tStd41969ns