BruMi-20210531-083409_clean.csv;0;75
1.121
2.174
2.259
2.341
2.425
fc0.33fs0.949668a0.79789
2.511
2.594
2.678
2.765
2.846
2.931
3.015
3.1
3.187
3.269
3.352
3.437
3.525
3.606
3.69
3.778
3.858
3.942
4.027
4.113
4.196
4.282
4.365
4.449
4.534
4.619

fcN0.06
4.702
4.791
4.871
4.956
5.04
5.126
5.211
5.294
5.377
5.461
5.546
5.63
5.714
5.8
5.883
5.971
6.052
6.136
6.22
6.305
6.389
6.474
6.559
6.642
6.727
6.812
6.896
6.98
7.064
7.148
7.233
7.319
7.402
7.486
7.571
7.655
7.74
7.824
7.908
7.993
8.077
8.162
8.245
8.329
8.413
8.498
8.585
8.666
8.751
8.836
8.92
9.005
9.096
9.19
9.272
9.352
9.433
9.521
9.603
9.688
9.77
9.857
9.939
10.022
10.114
10.196
10.281
10.359
10.445
10.536
10.616
10.7
10.783
10.868
10.95
11.034
11.119
11.209
11.292
11.373
PRS:7.233;8.666;9.521;0.0366116
FA
11.463;0
11.547;0
Mn
11.634;0
11.709;0
11.794;0
11.88;0
11.965;0
12.053;0
12.131;0
12.215;0
13.145;0
vMx
FA
13.218;0
13.303;0
13.392;0
13.471;0
13.56;0
13.644;0
13.723;0
13.816;0
13.9;0
13.974;0
14.061;0
14.145;0
14.227;0
14.316;0
14.407;0
14.484;0
14.573;0
14.657;0
14.738;0
14.822;0
14.907;0
Mn
14.989;0
15.075;0
15.158;0
15.242;0
15.329;0
15.411;0
15.497;0
15.581;0
15.665;0
15.748;0
vMx
FT
15.836;0
15.924;0
16.004;0
16.088;0
16.171;0
16.254;0
16.342;0
16.425;0
16.51;0
16.592;0
16.683;0
16.769;0
16.847;0
16.934;0
17.017;0
17.101;0
17.19;0
17.264;0
17.357;0
17.436;0
17.521;0
Mn
17.603;0
17.696;0
17.772;0
17.859;0
17.943;0
18.027;0
18.115;0
18.198;0
18.279;0
18.362;0
vMx
18.452;1
18.537;2
18.617;2
18.706;2
18.789;3
18.871;3
18.963;3
19.044;4
19.133;4
19.211;4
19.288;5
19.38;5
19.462;5
19.545;5
19.629;6
19.714;6
19.796;6
19.883;7
19.966;7
Mn
20.049;7
20.136;8
20.227;8
20.303;8
20.394;9
20.481;9
FA
20.56;0
20.645;0
20.729;0
20.811;0
20.896;0
20.976;0
21.063;0
21.146;0
vMx
FA
21.233;0
21.317;0
21.402;0
Mn
21.484;0
21.567;0
21.66;0
21.745;0
vMx
FT
21.825;0
21.911;0
21.992;0
22.075;0
22.168;0
22.247;0
22.326;0
22.414;0
22.505;0
Mn
22.58;0
Mx
22.673;0
22.754;0
22.833;0
22.92;0
23.006;0
23.089;0
Mn
23.18;0
23.266;0
23.339;0
23.428;0
Mx
23.517;0
23.593;0
23.679;0
23.768;0
23.845;0
23.93;0
24.019;0
24.1;0
24.185;0
24.272;0
24.354;0
24.442;0
24.522;0
24.607;0
24.696;0
24.776;0
24.863;0
24.946;0
25.038;0
25.111;0
25.203;0
25.287;0
25.364;0
25.459;0
25.537;0
25.619;0
25.707;0
25.785;0
Mn
25.871;0
25.956;0
26.039;0
26.123;0
26.21;0
26.298;0
26.375;0
26.461;0
26.555;0
26.634;0
26.715;0
26.801;0
26.884;0
26.971;0
vMx
FT
27.055;0
27.142;0
27.221;0
27.307;0
27.388;0
27.478;0
27.565;0
Mn
27.645;0
27.73;0
27.816;0
27.898;0
27.986;0
28.065;0
28.15;0
28.23;0
28.318;0
vMx
FT
28.407;0
28.491;0
Mn
28.576;0
28.656;0
28.748;0
28.827;0
28.906;0
28.991;0
vMx
FT
29.076;0
29.158;0
29.246;0
29.331;0
29.419;0
29.501;0
29.584;0
29.67;0
29.759;0
29.837;0
29.918;0
30.005;0
30.093;0
30.175;0
30.259;0
30.343;0
Mn
30.426;0
30.509;0
30.6;0
30.685;0
30.77;0
30.854;0
30.94;0
31.024;0
31.103;0
31.18;0
31.27;0
31.355;0
vMx
FT
31.437;0
31.523;0
31.609;0
31.695;0
31.776;0
31.864;0
31.943;0
32.029;0
32.113;0
32.196;0
32.284;0
32.369;0
32.452;0
32.536;0
32.623;0
32.706;0
32.789;0
32.877;0
32.959;0
33.043;0
33.124;0
33.208;0
33.293;0
33.378;0
33.463;0
33.551;0
33.634;0
Mn
33.714;0
Mx
33.802;0
33.89;0
33.968;0
34.058;0
Mn
34.143;0
34.233;0
34.307;0
34.395;0
34.474;0
34.566;0
34.643;0
34.728;0
34.815;0
34.897;0
34.985;0
35.073;0
35.16;0
35.237;0
35.324;0
35.407;0
35.487;0
35.573;0
35.657;0
35.743;0
35.824;0
35.909;0
vMx
FT
35.997;0
36.078;0
36.162;0
36.245;0
36.33;0
36.417;0
36.5;0
36.584;0
36.673;0
36.751;0
36.835;0
36.917;0
37.005;0
37.094;0
37.175;0
37.254;0
37.34;0
37.425;0
Mn
37.507;0
37.595;0
37.687;0
37.764;0
37.849;0
37.929;0
38.016;0
38.103;0
38.185;0
vMx
FT
38.273;0
38.35;0
Mn
38.437;0
38.524;0
38.608;0
vMx
FT
38.695;0
38.776;0
38.862;0
38.946;0
39.03;0
39.119;0
39.201;0
39.281;0
39.367;0
39.452;0
39.536;0
39.623;0
39.702;0
39.788;0
39.873;0
39.953;0
Mn
40.041;0
40.127;0
40.207;0
40.29;0
40.38;0
40.467;0
40.543;0
40.63;0
40.713;0
40.805;0
vMx
FT
40.885;0
40.97;0
41.051;0
41.137;0
41.223;0
Mn
41.306;0
Mx
41.389;0
41.475;0
41.56;0
41.644;0
41.727;0
41.809;0
41.9;0
41.98;0
42.065;0
42.15;0
42.233;0
42.319;0
Mn
42.409;0
42.485;0
42.578;0
42.655;0
42.74;0
42.827;0
42.918;0
42.993;0
43.08;0
43.159;0
43.249;0
43.33;0
43.412;0
43.499;0
43.581;0
43.668;0
vMx
FT
43.759;0
43.834;0
43.925;0
Mn
44.019;0
Mx
44.09;0
44.172;0
44.257;0
44.341;0
44.431;0
44.514;0
44.607;0
44.683;0
44.766;0
44.851;0
44.937;0
45.025;0
45.104;0
Mn
45.192;0
45.272;0
45.356;0
Mx
45.444;0
Mn
45.528;0
Mx
45.612;0
Mn
45.692;0
45.78;0
45.865;0
45.953;0
46.037;0
46.113;0
46.2;0
46.281;0
46.366;0
46.451;0
46.536;0
vMx
46.631;1
46.712;2
46.788;2
46.875;2
46.961;2
FA
47.043;0
47.128;0
47.212;0
47.295;0
47.387;0
47.476;0
47.551;0
47.635;0
47.718;0
47.809;0
47.885;0
47.979;0
48.057;0
48.144;0
48.223;0
48.31;0
48.39;0
48.476;0
48.562;0
Mn
48.648;0
48.733;0
48.815;0
48.902;0
48.988;0
49.074;0
49.153;0
49.236;0
49.33;0
49.415;0
49.492;0
49.58;0
vMx
49.656;1
49.744;1
49.835;2
49.912;2
49.999;2
50.08;3
50.165;3
50.251;3
50.336;3
50.418;4
50.502;4
50.588;4
50.677;5
50.76;5
50.84;5
50.923;5
51.008;6
51.094;6
51.178;6
Mn
51.27;6
51.349;7
Mx
51.43;7
51.516;7
Mn
51.601;8
51.684;8
51.772;8
51.856;8
51.938;9
52.03;9
52.113;9
52.192;9
52.276;10
52.362;10
52.447;10
52.533;1
52.619;1
vMx
52.702;1
52.782;1
52.872;2
52.957;2
53.036;2
53.12;3
53.202;3
53.295;3
53.374;3
53.454;4
53.54;4
53.624;4
53.708;4
53.797;5
53.879;5
53.961;5
54.046;6
54.133;6
54.215;6
54.303;6
54.382;7
Mn
54.464;7
54.556;7
54.634;8
54.717;8
54.801;8
54.887;8
54.973;9
55.06;9
55.143;9
55.226;9
vMx
55.31;1
55.392;2
55.476;2
55.563;2
55.644;3
55.729;3
55.812;3
55.901;4
55.981;4
56.068;4
56.15;4
56.238;5
56.325;5
56.408;5
56.496;6
56.579;6
56.664;6
56.744;7
56.827;7
Mn
56.912;7
56.996;8
57.078;8
57.163;8
57.247;9
57.331;9
57.416;9
57.502;10
FA
57.586;0
57.669;0
57.753;0
57.839;0
57.928;0
vMx
FA
58.01;0
58.09;0
58.174;0
58.258;0
58.346;0
58.435;0
58.511;0
58.602;0
58.684;0
58.768;0
58.851;0
58.937;0
59.021;0
59.108;0
59.19;0
59.276;0
59.359;0
59.441;0
59.526;0
59.609;0
Mn
59.694;0
59.782;0
59.861;0
59.951;0
60.033;0
60.125;0
60.202;0
60.287;0
60.384;0
60.457;0
60.541;0
60.629;0
vMx
60.706;1
60.792;2
60.879;2
60.96;2
61.048;3
61.136;3
61.216;3
61.299;3
61.385;4
61.474;4
61.558;4
61.64;5
61.725;5
61.807;5
61.892;6
61.979;6
62.058;6
62.146;7
62.234;7
Mn
62.313;7
FA
62.399;0
62.484;0
62.57;0
62.652;0
62.741;0
62.821;0
62.906;0
62.994;0
63.076;0
vMx
63.165;1
63.244;2
63.33;2
63.424;2
63.503;3
63.583;3
63.678;3
63.759;4
63.836;4
63.924;4
64.007;5
64.087;5
64.174;5
64.259;6
64.34;6
64.425;6
64.508;7
64.591;7
64.68;8
FA
64.764;0
64.849;0
64.937;0
65.02;0
Mn
65.097;0
65.185;0
65.27;0
65.359;0
65.439;0
65.527;0
65.609;0
65.693;0
65.782;0
65.864;0
vMx
65.946;1
FA
66.037;0
66.114;0
66.212;0
66.291;0
66.369;0
66.453;0
66.534;0
66.627;0
66.71;0
66.799;0
66.874;0
66.961;0
67.042;0
67.123;0
Mn
67.215;0
67.294;0
67.38;0
67.467;0
67.552;0
67.632;0
67.713;0
67.81;0
67.889;0
67.967;0
68.057;0
68.14;0
68.224;0
68.307;0
68.385;0
vMx
68.475;1
68.564;2
68.641;2
68.737;2
68.822;3
68.902;3
68.981;3
69.068;4
69.149;4
69.235;4
69.32;5
69.401;5
69.485;5
69.574;6
69.657;6
69.741;6
69.824;7
69.91;7
Mn
69.995;7
70.084;8
FA
70.166;0
70.244;0
70.33;0
70.413;0
70.504;0
70.587;0
70.667;0
70.748;0
70.837;0
70.921;0
vMx
71.007;1
Mn
71.092;2
71.175;2
vMx
FT
71.257;0
71.345;0
71.426;0
71.521;0
71.605;0
71.682;0
71.765;0
71.852;0
71.935;0
72.024;0
72.102;0
72.192;0
72.272;0
72.357;0
72.441;0
72.529;0
72.608;0
72.692;0
72.781;0
Mn
72.864;0
72.949;0
73.032;0
73.112;0
73.202;0
73.284;0
73.368;0
73.446;0
73.538;0
73.622;0
73.71;0
73.79;0
73.873;0
73.958;0
74.043;0
vMx
FT
74.127;0
74.212;0
74.294;0
74.387;0
74.476;0
74.56;0
74.635;0
74.714;0
74.802;0
74.889;0
74.975;0
75.056;0
75.141;0
75.223;0
75.311;0
75.406;0
75.476;0
75.562;0
Mn
75.65;0
75.736;0
75.816;0
75.899;0
75.981;0
76.067;0
76.153;0
76.241;0
76.334;0
76.418;0
76.494;0
vMx
76.57;1
76.656;2
76.744;2
76.829;2
76.904;3
76.996;3
77.077;3
77.17;4
77.247;4
77.339;4
77.421;5
77.5;5
77.584;5
77.67;6
77.753;6
77.843;6
77.925;7
Mn
78.003;7
78.093;7
78.169;8
78.257;8
78.346;8
78.434;9
78.509;9
78.597;10
78.677;10
78.767;10
vMx
78.847;1
78.932;2
FA
79.016;0
79.1;0
79.187;0
79.266;0
79.352;0
79.44;0
79.52;0
79.601;0
79.686;0
79.784;0
79.864;0
79.946;0
80.022;0
80.11;0
80.193;0
80.278;0
80.36;0
80.447;0
80.532;0
80.615;0
80.711;0
80.786;0
Mn
80.868;0
80.961;0
81.038;0
81.122;0
81.216;0
81.289;0
81.378;0
81.459;0
81.544;0
81.625;0
81.709;0
81.793;0
vMx
FT
81.881;0
81.965;0
82.046;0
82.143;0
82.23;0
82.301;0
Mn
82.383;0
82.467;0
Mx
82.553;0
82.64;0
82.723;0
82.808;0
82.892;0
82.978;0
83.058;0
83.147;0
83.227;0
83.311;0
Mn
83.398;0
83.488;0
83.567;0
83.665;0
83.742;0
83.816;0
83.902;0
83.987;0
84.076;0
84.158;0
84.24;0
vMx
84.327;1
84.421;2
FA
84.503;0
84.576;0
84.663;0
84.748;0
84.829;0
84.924;0
85.01;0
85.09;0
85.173;0
85.255;0
85.338;0
85.42;0
85.509;0
85.595;0
85.675;0
85.758;0
85.843;0
85.93;0
86.012;0
86.096;0
Mn
86.19;0
86.265;0
86.347;0
86.433;0
86.516;0
86.61;0
86.687;0
86.779;0
86.855;0
86.947;0
87.023;0
87.11;0
87.194;0
87.275;0
87.359;0
vMx
FT
87.451;0
87.535;0
87.616;0
87.701;0
87.782;0
87.869;0
87.954;0
88.041;0
88.121;0
88.215;0
88.289;0
88.374;0
88.466;0
88.547;0
88.627;0
Mn
88.712;0
88.795;0
88.881;0
Mx
88.974;0
89.049;0
89.133;0
89.217;0
Mn
89.305;0
89.387;0
89.479;0
89.555;0
89.646;0
89.724;0
89.807;0
89.889;0
89.983;0
90.063;0
90.151;0
vMx
FA
90.227;0
90.316;0
90.397;0
90.481;0
90.566;0
90.649;0
90.736;0
Mn
90.827;0
90.902;0
90.988;0
91.073;0
Mx
91.155;0
91.244;0
91.327;0
91.412;0
91.495;0
91.584;0
91.672;0
91.752;0
91.831;0
91.922;0
92.003;0
92.086;0
92.171;0
92.255;0
92.341;0
92.426;0
Mn
92.528;0
Mx
92.594;0
92.68;0
Mn
92.764;0
92.846;0
Mx
92.931;0
93.023;0
93.101;0
93.181;0
93.266;0
93.358;0
93.436;0
93.522;0
93.603;0
93.686;0
93.774;0
93.864;0
93.953;0
94.036;0
94.121;0
94.198;0
94.286;0
94.367;0
94.453;0
94.532;0
Mn
94.617;0
94.707;0
94.788;0
94.876;0
94.956;0
95.035;0
95.13;0
95.207;0
95.295;0
95.382;0
95.459;0
95.557;0
vMx
FT
95.631;0
95.716;0
Mn
95.802;0
95.887;0
95.969;0
96.06;0
96.139;0
96.221;0
96.305;0
96.391;0
96.474;0
96.567;0
96.649;0
vMx
FT
96.731;0
96.813;0
Mn
96.895;0
96.979;0
97.067;0
97.153;0
vMx
FT
97.234;0
97.318;0
Mn
97.403;0
97.486;0
vMx
FT
97.572;0
97.658;0
97.746;0
97.826;0
97.91;0
97.997;0
98.076;0
98.162;0
98.245;0
98.33;0
98.414;0
98.498;0
98.586;0
98.667;0
98.748;0
98.835;0
98.919;0
99.004;0
99.092;0
99.183;0
99.256;0
99.344;0
99.434;0
99.523;0
Mn
99.6;0
99.678;0
99.764;0
99.844;0
99.933;0
100.016;0
100.101;0
100.185;0
100.273;0
100.354;0
100.438;0
100.523;0
100.606;0
100.688;0
100.771;0
100.858;0
100.947;0
101.025;0
vMx
FT
101.123;0
101.202;0
101.285;0
101.363;0
101.45;0
101.536;0
101.62;0
101.704;0
101.784;0
101.874;0
101.958;0
102.045;0
102.128;0
102.206;0
102.292;0
Mn
102.379;0
102.46;0
Mx
102.546;0
Mn
102.634;0
102.719;0
Mx
102.8;0
102.885;0
Mn
102.97;0
103.052;0
Mx
103.137;0
103.226;0
103.304;0
103.391;0
103.476;0
103.559;0
103.647;0
103.733;0
103.81;0
103.895;0
103.978;0
Mn
104.063;0
104.149;0
104.234;0
104.319;0
104.409;0
104.491;0
104.567;0
104.652;0
104.744;0
104.823;0
104.906;0
vMx
104.994;1
105.073;1
Mn
105.161;1
105.242;2
Mx
105.332;2
105.414;2
105.502;2
105.582;3
105.671;3
105.757;3
105.832;3
105.918;3
106.01;4
106.091;4
FA
106.172;0
106.259;0
106.349;0
106.423;0
106.51;0
106.595;0
106.679;0
106.761;0
106.849;0
106.932;0
Mn
107.016;0
Mx
107.099;0
107.184;0
Mn
107.269;0
107.353;0
107.441;0
107.523;0
107.602;0
107.692;0
107.773;0
107.86;0
107.949;0
108.03;0
vMx
108.114;1
108.204;1
108.289;2
108.364;2
108.451;2
108.536;2
108.619;3
108.703;3
108.785;3
FA
108.871;0
108.961;0
109.039;0
109.122;0
109.212;0
109.296;0
109.378;0
109.459;0
109.543;0
109.627;0
109.712;0
109.797;0
109.88;0
109.969;0
110.056;0
110.151;0
Mn
110.234;0
110.313;0
110.391;0
110.48;0
110.558;0
110.644;0
110.725;0
110.825;0
vMx
FA
110.896;0
110.982;0
111.065;0
Mn
111.146;0
111.231;0
111.315;0
111.398;0
111.482;0
vMx
FT
111.57;0
111.655;0
111.739;0
111.827;0
111.906;0
Mn
111.989;0
112.075;0
112.16;0
vMx
FT
112.247;0
112.332;0
112.416;0
112.504;0
112.581;0
112.666;0
112.749;0
112.836;0
112.921;0
113.005;0
113.093;0
113.175;0
113.259;0
113.342;0
113.423;0
Mn
113.508;0
113.594;0
113.676;0
113.765;0
113.854;0
113.928;0
114.014;0
114.1;0
114.185;0
114.269;0
vMx
FT
114.353;0
114.436;0
114.533;0
114.604;0
Mn
114.686;0
114.773;0
114.86;0
vMx
FT
114.941;0
115.025;0
115.117;0
Mn
115.193;0
115.28;0
Mx
115.37;0
115.453;0
115.534;0
115.622;0
115.699;0
115.785;0
115.868;0
115.956;0
116.04;0
116.123;0
116.215;0
116.292;0
116.375;0
116.46;0
116.546;0
116.629;0
116.713;0
116.798;0
Mn
116.885;0
116.967;0
117.053;0
117.136;0
117.225;0
117.313;0
117.387;0
117.472;0
117.558;0
117.641;0
117.727;0
117.812;0
117.895;0
vMx
FT
117.977;0
118.063;0
118.151;0
118.231;0
118.325;0
118.4;0
118.482;0
118.582;0
118.652;0
118.737;0
118.828;0
118.905;0
118.991;0
119.074;0
119.158;0
119.242;0
119.333;0
119.411;0
119.506;0
119.585;0
119.665;0
119.752;0
119.836;0
119.927;0
120.001;0
120.086;0
Mn
120.179;0
120.257;0
120.341;0
120.422;0
120.506;0
120.59;0
120.675;0
120.759;0
120.844;0
120.929;0
121.019;0
121.101;0
121.182;0
121.274;0
121.354;0
121.438;0
121.519;0
vMx
121.607;1
121.696;1
121.775;2
Mn
121.867;2
121.944;2
FA
122.025;0
122.111;0
vMx
FT
122.196;0
122.281;0
122.368;0
Mn
122.446;0
122.531;0
122.62;0
122.714;0
122.792;0
122.876;0
122.952;0
vMx
FT
123.038;0
123.124;0
123.206;0
Mn
123.29;0
123.378;0
vMx
FT
123.462;0
123.544;0
123.633;0
123.712;0
123.8;0
123.888;0
123.974;0
124.052;0
124.137;0
124.22;0
124.302;0
124.39;0
124.474;0
124.561;0
124.648;0
124.727;0
124.816;0
124.897;0
124.982;0
125.071;0
Mn
125.153;0
125.237;0
125.323;0
125.403;0
125.49;0
125.571;0
125.654;0
125.74;0
125.824;0
125.912;0
125.994;0
126.076;0
126.166;0
vMx
FT
126.248;0
126.336;0
126.415;0
126.502;0
126.584;0
126.667;0
126.753;0
126.834;0
126.926;0
127.008;0
127.091;0
127.177;0
127.26;0
127.343;0
127.43;0
127.512;0
127.596;0
127.684;0
127.77;0
127.848;0
127.933;0
128.025;0
128.104;0
Mn
128.193;0
128.275;0
128.353;0
128.443;0
128.524;0
128.609;0
128.694;0
128.778;0
128.861;0
128.951;0
129.03;0
129.119;0
129.204;0
vMx
129.287;1
FA
129.367;0
129.456;0
129.54;0
129.621;0
129.709;0
129.793;0
129.876;0
129.965;0
130.052;0
130.134;0
130.215;0
130.299;0
130.382;0
Mn
130.466;0
130.55;0
Mx
130.632;0
130.725;0
130.803;0
130.886;0
130.972;0
131.055;0
131.138;0
131.223;0
Mn
131.308;0
131.388;0
131.48;0
131.561;0
131.649;0
131.732;0
131.821;0
131.901;0
131.985;0
132.068;0
132.151;0
132.238;0
vMx
132.322;1
132.406;1
132.493;2
132.582;2
132.656;2
132.746;3
132.826;3
132.908;3
132.997;3
133.08;4
133.168;4
133.25;4
133.339;5
133.411;5
133.5;5
133.588;5
133.664;6
Mn
133.757;6
133.841;6
FA
133.92;0
134.003;0
134.092;0
134.172;0
134.256;0
134.346;0
134.428;0
134.513;0
134.597;0
134.678;0
134.765;0
134.854;0
134.932;0
vMx
FA
135.017;0
135.102;0
135.187;0
135.272;0
135.354;0
135.438;0
135.52;0
135.606;0
135.689;0
135.779;0
135.856;0
135.947;0
136.035;0
136.112;0
136.199;0
136.284;0
136.366;0
136.447;0
136.531;0
136.623;0
136.703;0
136.796;0
136.877;0
Mn
136.957;0
Mx
137.036;0
137.124;0
Mn
137.208;0
137.297;0
137.379;0
137.464;0
137.551;0
137.63;0
137.717;0
137.795;0
137.883;0
137.965;0
138.052;0
138.136;0
vMx
138.219;1
FA
138.305;0
138.391;0
138.473;0
138.555;0
138.64;0
138.724;0
138.808;0
138.894;0
138.984;0
139.063;0
139.147;0
139.231;0
139.314;0
139.398;0
139.483;0
139.568;0
139.653;0
139.737;0
139.822;0
139.905;0
139.997;0
140.079;0
Mn
140.16;0
140.244;0
140.326;0
140.411;0
140.495;0
140.582;0
140.669;0
140.749;0
140.834;0
140.916;0
141;0
141.1;0
vMx
141.171;1
141.26;2
141.337;2
141.422;2
141.517;2
141.601;3
141.678;3
141.759;3
141.843;3
141.929;4
142.015;4
142.111;4
142.182;5
142.266;5
142.361;5
142.435;5
142.52;6
Mn
142.61;6
142.694;6
142.778;7
142.856;7
142.941;7
FA
143.031;0
143.112;0
143.196;0
143.281;0
143.366;0
143.454;0
143.533;0
143.617;0
vMx
143.713;1
143.783;2
143.88;2
143.959;2
144.04;3
144.135;3
144.209;3
144.292;4
144.377;4
144.468;4
144.546;5
144.631;5
144.716;5
144.798;6
144.886;6
144.965;6
145.052;7
145.136;7
Mn
145.219;7
145.305;8
Mx
FA
145.39;0
145.473;0
145.555;0
145.643;0
Mn
145.727;0
145.811;0
145.896;0
145.98;0
146.067;0
146.148;0
146.239;0
146.317;0
146.401;0
146.485;0
146.57;0
146.652;0
146.737;0
146.82;0
146.905;0
146.993;0
147.074;0
147.158;0
vMx
FT
147.243;0
147.331;0
147.417;0
147.502;0
147.583;0
147.667;0
147.751;0
147.841;0
147.919;0
148.006;0
148.088;0
148.17;0
148.257;0
148.341;0
148.431;0
Mn
148.509;0
Mx
148.597;0
148.68;0
148.774;0
Mn
148.847;0
148.93;0
149.019;0
149.099;0
149.185;0
149.267;0
Mx
149.357;0
Mn
149.441;0
149.53;0
149.613;0
149.69;0
Mx
149.781;0
149.863;0
149.947;0
150.031;0
150.114;0
150.198;0
Mn
150.282;0
150.377;0
Mx
150.454;0
150.541;0
Mn
150.619;0
150.705;0
150.796;0
150.872;0
150.958;0
151.04;0
151.126;0
151.214;0
Mx
151.301;0
151.379;0
151.464;0
151.549;0
151.631;0
151.718;0
Mn
151.801;0
Mx
151.885;0
151.97;0
152.055;0
152.143;0
152.234;0
152.313;0
Mn
152.397;0
152.48;0
Mx
152.564;0
152.648;0
152.728;0
152.818;0
152.897;0
152.987;0
153.069;0
153.149;0
153.24;0
153.322;0
153.406;0
153.493;0
153.581;0
153.656;0
153.747;0
153.833;0
153.912;0
154;0
154.082;0
154.165;0
154.259;0
154.338;0
Mn
154.42;0
154.504;0
154.594;0
154.668;0
154.763;0
154.848;0
154.924;0
155.013;0
155.096;0
155.182;0
Mx
155.265;0
155.35;0
Mn
155.433;0
155.518;0
155.607;0
Mx
155.687;0
155.779;0
155.863;0
155.94;0
156.034;0
156.116;0
156.192;0
156.277;0
156.366;0
156.442;0
156.531;0
156.614;0
156.697;0
156.79;0
156.869;0
156.95;0
157.039;0
157.121;0
Mn
157.208;0
157.29;0
157.377;0
157.461;0
157.548;0
157.633;0
157.71;0
157.796;0
157.887;0
157.964;0
158.052;0
158.13;0
158.216;0
158.305;0
158.392;0
158.468;0
158.562;0
158.64;0
vMx
FT
158.727;0
Mn
158.816;0
158.898;0
vMx
FT
158.982;0
Mn
159.065;0
159.148;0
vMx
FT
159.23;0
159.328;0
159.405;0
159.483;0
159.573;0
Mn
159.657;0
Mx
159.736;0
159.822;0
159.914;0
159.988;0
160.072;0
160.165;0
160.251;0
160.337;0
160.42;0
160.496;0
160.581;0
160.665;0
160.748;0
160.836;0
160.919;0
161;0
161.087;0
161.171;0
161.262;0
161.349;0
161.425;0
161.515;0
161.595;0
161.678;0
161.766;0
161.85;0
161.93;0
162.017;0
162.098;0
Mn
162.181;0
162.269;0
162.353;0
162.436;0
162.525;0
162.606;0
162.69;0
162.774;0
162.861;0
162.946;0
163.027;0
163.108;0
163.192;0
163.276;0
vMx
FT
163.373;0
163.447;0
163.535;0
163.616;0
163.696;0
163.783;0
163.867;0
163.955;0
164.031;0
164.123;0
164.212;0
164.292;0
164.375;0
164.46;0
164.544;0
164.625;0
164.711;0
164.792;0
164.877;0
164.966;0
165.045;0
165.134;0
165.215;0
165.304;0
165.389;0
165.47;0
165.552;0
165.636;0
165.722;0
Mn
165.802;0
165.901;0
165.977;0
166.058;0
166.145;0
166.233;0
166.309;0
166.396;0
166.483;0
166.561;0
166.649;0
166.733;0
166.818;0
166.901;0
vMx
FA
166.99;0
167.069;0
167.156;0
167.243;0
167.322;0
167.408;0
167.491;0
167.578;0
167.659;0
167.747;0
167.826;0
167.92;0
167.999;0
168.081;0
168.167;0
168.257;0
168.336;0
168.419;0
168.505;0
168.592;0
168.671;0
168.763;0
168.845;0
Mn
168.926;0
169.012;0
169.092;0
169.183;0
169.262;0
169.344;0
169.433;0
169.517;0
169.596;0
169.688;0
169.767;0
169.858;0
169.938;0
170.026;0
170.106;0
170.19;0
170.273;0
170.357;0
vMx
170.456;1
170.528;1
170.612;2
170.699;2
170.782;2
170.866;2
170.951;3
171.038;3
171.118;3
171.203;3
171.285;4
171.369;4
171.456;4
171.54;4
171.625;5
171.711;5
171.794;5
171.875;5
171.963;5
172.043;6
172.131;6
172.211;6
Mn
172.299;6
Mx
172.379;7
172.464;7
172.551;7
172.632;7
FA
172.717;0
Mn
172.803;0
172.885;0
172.97;0
173.055;0
173.142;0
173.226;0
173.314;0
173.396;0
173.486;0
173.561;0
173.654;0
vMx
FA
173.731;0
173.814;0
173.9;0
173.983;0
174.069;0
174.152;0
174.24;0
174.322;0
174.406;0
174.49;0
174.575;0
174.658;0
174.745;0
174.827;0
174.91;0
174.998;0
175.086;0
175.166;0
175.252;0
175.333;0
175.419;0
175.514;0
175.599;0
175.668;0
175.757;0
175.839;0
175.925;0
176.01;0
176.094;0
176.176;0
Mn
176.263;0
176.348;0
176.431;0
176.514;0
176.599;0
176.688;0
176.766;0
176.852;0
176.938;0
177.022;0
177.106;0
177.199;0
177.277;0
177.36;0
177.445;0
177.532;0
vMx
177.617;1
177.696;1
177.783;1
177.868;2
177.951;2
178.033;2
178.119;2
178.202;3
178.287;3
178.371;3
178.455;3
178.54;3
178.625;4
178.707;4
178.799;4
178.877;4
178.966;5
179.058;5
179.135;5
179.216;5
179.304;5
179.386;6
179.469;6
179.56;6
Mn
179.64;6
179.723;6
Mx
179.809;7
179.893;7
179.974;7
Mn
180.066;7
180.148;8
FA
180.226;0
180.317;0
180.399;0
180.483;0
180.57;0
180.657;0
180.733;0
180.823;0
vMx
180.909;1
180.988;1
181.076;2
181.161;2
181.24;2
181.332;2
181.416;3
181.492;3
181.579;3
181.664;3
181.756;4
181.831;4
181.914;4
182.004;4
182.095;5
182.18;5
182.252;5
182.339;5
182.423;6
182.507;6
182.596;6
182.681;7
182.758;7
182.844;7
Mn
182.929;7
183.015;8
183.101;8
183.188;8
183.268;8
Mx
183.36;9
FA
183.445;0
183.524;0
Mn
183.606;0
183.69;0
183.771;0
183.86;0
183.947;0
184.03;0
184.115;0
184.2;0
vMx
184.282;1
184.367;1
184.452;2
184.533;2
184.62;2
184.707;2
184.786;3
184.873;3
184.957;3
185.042;3
185.127;4
185.213;4
185.29;4
185.38;4
185.464;5
185.547;5
185.63;5
185.726;5
185.802;6
185.886;6
185.966;6
186.064;6
186.14;7
FA
186.23;0
186.305;0
186.393;0
186.486;0
186.57;0
186.651;0
186.73;0
186.812;0
Mn
186.897;0
186.987;0
187.064;0
187.149;0
187.233;0
187.321;0
187.41;0
187.491;0
187.57;0
187.659;0
187.745;0
187.826;0
vMx
187.914;1
187.997;1
188.081;2
188.165;2
188.248;2
188.33;2
188.417;2
188.504;3
188.582;3
188.673;3
188.758;3
188.835;4
188.92;4
189.009;4
189.096;4
189.178;5
189.266;5
189.344;5
189.431;5
189.512;5
189.598;6
189.689;6
189.77;6
Mn
189.859;6
189.936;7
Mx
190.019;7
190.101;7
190.192;7
190.274;8
Mn
190.353;8
190.443;8
FA
190.531;0
190.614;0
190.696;0
190.788;0
190.868;0
190.957;0
191.034;0
191.12;0
vMx
191.209;1
191.289;1
191.373;2
191.457;2
191.541;2
191.623;2
191.719;3
191.799;3
191.885;3
191.963;3
192.047;4
192.127;4
192.217;4
192.304;4
192.39;5
192.477;5
192.552;5
192.635;5
192.725;6
192.808;6
192.897;6
192.981;7
Mn
193.064;7
193.144;7
193.232;7
FA
193.313;0
193.393;0
193.482;0
193.564;0
193.644;0
193.733;0
193.818;0
193.9;0
vMx
193.99;1
194.074;2
194.157;2
194.244;2
194.323;2
194.407;3
194.495;3
194.577;3
194.67;4
194.753;4
194.828;4
194.911;5
194.996;5
195.088;5
195.165;5
195.25;6
195.336;6
195.421;6
195.508;7
195.588;7
195.669;7
195.765;8
195.85;8
195.927;8
Mn
FA
196.01;0
196.094;0
196.181;0
196.264;0
Mx
196.358;0
Mn
196.436;0
196.517;0
196.607;0
196.684;0
196.773;0
196.854;0
196.934;0
197.021;0
197.106;0
197.191;0
vMx
FA
197.273;0
197.372;0
197.444;0
197.523;0
197.613;0
197.696;0
197.787;0
197.87;0
197.954;0
198.036;0
198.121;0
198.21;0
198.29;0
198.379;0
198.46;0
198.54;0
198.624;0
198.71;0
198.793;0
Mn
198.878;0
198.967;0
199.049;0
199.137;0
199.213;0
199.303;0
199.385;0
199.473;0
199.552;0
199.637;0
199.722;0
199.809;0
199.893;0
199.974;0
vMx
200.06;1
200.142;2
200.235;2
200.313;2
200.396;2
200.477;3
200.567;3
200.651;3
200.733;4
200.818;4
200.905;4
200.984;5
201.07;5
201.158;5
201.243;5
201.327;6
201.409;6
201.491;6
201.582;7
Mn
201.66;7
201.747;7
201.833;8
FA
201.921;0
201.999;0
202.083;0
202.171;0
202.255;0
vMx
202.338;1
202.421;2
202.5;2
202.591;3
202.671;3
202.762;3
202.844;4
202.928;4
203.006;4
203.097;5
203.183;5
203.261;5
203.35;6
203.432;6
203.518;7
203.606;7
203.685;7
203.77;8
203.851;8
Mn
FA
203.942;0
204.022;0
204.108;0
204.195;0
204.277;0
204.367;0
204.446;0
204.535;0
204.611;0
204.696;0
204.789;0
204.879;0
204.953;0
205.033;0
vMx
205.121;1
205.206;2
205.291;2
205.368;2
205.465;2
205.546;3
205.627;3
205.71;3
205.792;4
205.878;4
205.973;4
206.052;5
206.138;5
206.218;5
206.301;5
206.383;6
206.469;6
206.548;6
206.637;7
206.723;7
Mn
206.81;7
206.894;8
206.976;8
207.06;8
207.146;9
207.231;9
207.311;9
207.41;9
207.485;10
207.573;10
207.649;10
vMx
207.735;1
207.817;2
207.904;2
207.991;2
208.069;3
208.162;3
208.242;3
208.324;4
208.409;4
208.499;4
208.577;4
208.672;5
208.752;5
208.837;5
208.912;6
208.995;6
209.081;6
209.174;7
Mn
209.254;7
209.34;7
209.422;8
209.509;8
209.59;8
209.675;9
209.761;9
209.847;9
209.931;10
210.016;10
210.098;10
vMx
210.184;1
210.265;2
210.351;2
210.433;2
210.519;3
210.604;3
210.687;3
210.772;4
210.859;4
210.947;4
211.027;5
211.108;5
211.196;5
211.28;6
211.365;6
211.449;7
211.536;7
Mn
211.616;7
Mx
211.701;8
211.786;8
Mn
211.867;8
FA
211.959;0
212.036;0
212.13;0
212.21;0
212.291;0
212.375;0
212.463;0
212.545;0
212.635;0
212.715;0
vMx
212.798;1
212.881;2
212.966;2
213.05;2
213.137;3
213.226;3
213.305;3
213.383;3
213.471;4
213.567;4
213.639;4
213.724;5
213.808;5
213.891;5
213.971;6
214.072;6
214.144;6
214.232;7
214.312;7
214.395;7
FA
214.482;0
214.57;0
Mn
214.653;0
214.736;0
214.821;0
214.908;0
214.99;0
215.072;0
215.169;0
215.241;0
215.335;0
vMx
215.416;1
Mn
215.502;2
215.589;2
vMx
FT
215.666;0
215.746;0
215.838;0
215.917;0
216.002;0
216.085;0
216.172;0
216.26;0
216.337;0
216.424;0
216.515;0
216.592;0
216.677;0
216.763;0
216.846;0
216.931;0
Mn
217.012;0
217.093;0
217.177;0
217.27;0
217.356;0
217.436;0
217.529;0
217.615;0
217.688;0
217.773;0
217.862;0
vMx
FT
217.947;0
218.026;0
218.114;0
218.198;0
218.283;0
218.369;0
218.448;0
218.542;0
218.621;0
218.702;0
218.787;0
218.873;0
218.952;0
219.039;0
219.123;0
219.207;0
219.289;0
219.377;0
219.463;0
219.545;0
219.629;0
219.717;0
219.8;0
Mn
219.882;0
219.969;0
220.051;0
220.138;0
220.221;0
220.309;0
220.39;0
220.473;0
220.558;0
220.644;0
vMx
220.731;1
220.81;2
220.893;2
220.978;2
221.063;2
221.147;3
221.227;3
221.317;3
221.4;4
221.485;4
221.569;4
221.653;5
221.741;5
221.824;5
221.907;5
221.992;6
222.075;6
222.158;6
222.239;7
222.33;7
222.416;7
222.501;8
Mn
222.584;8
222.662;8
222.749;8
222.838;9
222.919;9
223.004;9
223.088;10
223.176;10
223.256;10
vMx
223.338;1
223.424;2
223.512;2
223.596;2
223.682;3
223.762;3
223.849;3
223.933;4
224.015;4
224.099;4
224.185;4
224.267;5
224.357;5
224.437;5
224.521;6
224.605;6
224.689;6
224.774;7
224.861;7
224.944;7
Mn
225.025;8
225.115;8
225.195;8
FA
225.281;0
225.365;0
225.449;0
225.539;0
225.627;0
225.704;0
225.784;0
225.868;0
225.955;0
226.045;0
vMx
226.129;1
226.22;2
226.295;2
226.377;2
226.46;2
226.543;3
226.628;3
226.715;3
226.802;4
226.886;4
226.965;4
227.055;5
227.137;5
227.232;5
FA
227.304;0
227.389;0
227.471;0
227.561;0
227.642;0
227.725;0
Mn
227.808;0
Mx
227.904;0
227.976;0
228.063;0
228.149;0
Mn
228.233;0
228.312;0
228.401;0
228.481;0
228.571;0
228.653;0
228.74;0
228.828;0
228.91;0
vMx
228.99;1
229.071;1
229.161;2
229.245;2
229.336;2
229.415;3
229.501;3
229.586;3
229.669;4
229.752;4
229.834;4
229.92;4
230.004;5
230.089;5
Mn
230.172;5
Mx
230.258;6
230.346;6
230.428;6
230.514;6
Mn
FA
230.595;0
230.677;0
230.762;0
230.853;0
230.937;0
231.021;0
231.101;0
231.184;0
231.268;0
231.352;0
vMx
231.442;1
231.528;2
231.608;2
231.689;2
231.788;3
231.859;3
231.947;3
232.032;4
232.111;4
232.199;4
232.285;5
232.368;5
232.455;6
232.535;6
232.622;6
232.702;7
232.788;7
232.873;7
232.95;8
Mn
FA
233.039;0
233.128;0
233.21;0
233.294;0
233.378;0
233.469;0
233.545;0
233.623;0
vMx
233.713;1
233.799;2
Mn
233.885;2
vMx
FT
233.968;0
234.056;0
234.135;0
234.227;0
234.304;0
234.387;0
234.474;0
234.559;0
234.645;0
234.727;0
234.811;0
234.894;0
234.982;0
235.065;0
235.148;0
Mn
235.233;0
235.319;0
Mx
235.397;0
235.484;0
235.572;0
235.659;0
235.743;0
Mn
235.822;0
235.909;0
235.999;0
236.085;0
236.158;0
236.244;0
236.331;0
236.414;0
236.503;0
236.582;0
236.667;0
236.755;0
236.841;0
vMx
FT
236.919;0
237.003;0
237.093;0
237.174;0
237.255;0
237.352;0
237.429;0
237.512;0
237.596;0
237.681;0
237.763;0
237.853;0
237.932;0
238.014;0
238.103;0
238.189;0
238.266;0
238.35;0
238.44;0
238.524;0
Mn
238.606;0
238.687;0
Mx
238.778;0
Mn
238.859;0
238.945;0
239.034;0
239.113;0
239.193;0
239.285;0
239.367;0
239.449;0
239.534;0
239.619;0
vMx
239.703;1
239.788;2
239.878;2
239.957;2
240.042;2
240.126;3
240.209;3
240.295;3
240.38;4
240.467;4
240.551;4
240.633;5
240.716;5
240.802;5
240.884;5
240.972;6
241.048;6
241.141;6
241.221;7
241.304;7
241.39;7
241.473;8
241.559;8
FA
241.642;0
Mn
241.729;0
241.817;0
241.896;0
241.977;0
242.066;0
242.148;0
242.236;0
242.327;0
242.402;0
242.483;0
242.572;0
242.657;0
242.738;0
vMx
242.825;1
242.908;1
242.997;2
243.084;2
243.172;2
243.248;3
243.335;3
243.409;3
243.494;3
243.582;4
243.677;4
243.753;4
243.842;4
243.929;5
244.006;5
244.09;5
244.173;5
244.258;6
244.342;6
244.427;6
244.51;7
244.597;7
Mn
244.684;7
244.766;7
244.848;8
244.936;8
245.015;8
245.104;8
245.187;9
245.275;9
245.354;9
245.44;10
245.531;10
245.613;10
245.691;10
245.773;1
vMx
245.859;1
245.942;1
246.035;2
246.117;2
246.201;2
246.287;3
246.373;3
246.461;3
246.54;3
246.622;4
246.702;4
246.789;4
246.876;5
246.961;5
247.038;5
247.127;5
247.213;6
247.298;6
247.379;6
247.464;6
247.546;7
Mn
247.636;7
247.718;7
Mx
247.804;8
247.884;8
247.968;8
Mn
248.055;8
248.141;9
248.222;9
248.305;9
248.393;10
FA
248.475;0
248.56;0
248.644;0
248.729;0
248.817;0
248.899;0
vMx
248.983;1
249.068;1
249.15;2
249.241;2
249.323;2
249.404;2
249.487;3
249.572;3
249.658;3
249.741;4
249.821;4
249.91;4
249.993;4
250.079;5
250.163;5
250.256;5
250.329;5
250.416;6
250.501;6
250.579;6
250.669;7
250.753;7
250.838;7
Mn
250.921;7
251.007;8
251.093;8
251.182;8
251.259;8
251.347;9
251.432;9
251.513;9
251.596;10
251.681;10
vMx
251.768;1
251.848;2
251.937;2
252.02;2
252.11;2
252.188;3
252.278;3
252.357;3
252.44;4
252.523;4
252.607;4
252.696;5
252.777;5
252.868;5
252.949;6
253.03;6
253.11;6
253.2;6
253.284;7
253.368;7
253.452;7
253.538;8
253.621;8
Mn
FA
253.708;0
253.79;0
253.873;0
253.963;0
254.043;0
254.123;0
254.209;0
254.304;0
254.384;0
254.467;0
vMx
254.554;1
254.635;2
Mn
254.717;2
254.809;2
vMx
FT
254.887;0
254.973;0
255.058;0
255.153;0
255.234;0
255.307;0
255.393;0
255.474;0
255.564;0
255.645;0
255.73;0
255.822;0
255.901;0
255.985;0
256.075;0
256.149;0
256.238;0
256.32;0
256.401;0
256.493;0
256.575;0
256.654;0
256.74;0
256.827;0
256.91;0
Mn
256.991;0
257.082;0
257.164;0
257.246;0
257.332;0
257.413;0
257.504;0
257.591;0
257.668;0
257.753;0
257.841;0
257.926;0
258.006;0
258.09;0
258.174;0
vMx
FT
258.263;0
258.348;0
258.426;0
258.51;0
258.596;0
258.682;0
258.767;0
258.853;0
258.937;0
259.029;0
259.103;0
259.193;0
259.277;0
259.361;0
259.438;0
259.528;0
259.608;0
259.698;0
259.787;0
259.867;0
259.947;0
260.03;0
260.119;0
260.199;0
260.284;0
260.367;0
260.456;0
260.538;0
260.621;0
260.711;0
260.79;0
260.879;0
Mn
260.957;0
261.043;0
261.135;0
261.218;0
261.298;0
261.391;0
261.473;0
261.555;0
261.635;0
261.713;0
261.805;0
vMx
FA
261.886;0
261.967;0
262.056;0
262.141;0
262.223;0
262.314;0
262.396;0
262.479;0
262.564;0
262.645;0
262.728;0
262.823;0
262.905;0
262.984;0
263.069;0
263.153;0
263.233;0
263.324;0
263.411;0
263.492;0
263.581;0
263.662;0
263.743;0
Mn
263.83;0
263.908;0
264;0
264.082;0
Mx
264.168;0
264.255;0
264.338;0
Mn
264.42;0
264.506;0
264.582;0
264.674;0
264.757;0
264.839;0
264.923;0
265.011;0
265.095;0
265.176;0
265.261;0
265.343;0
265.432;0
265.515;0
265.6;0
265.684;0
vMx
FA
265.766;0
265.851;0
265.935;0
266.022;0
266.108;0
266.191;0
266.272;0
266.362;0
266.441;0
266.533;0
266.616;0
266.699;0
266.78;0
266.865;0
266.946;0
267.039;0
267.119;0
267.202;0
267.288;0
267.373;0
267.458;0
267.544;0
267.627;0
Mn
267.713;0
267.797;0
267.883;0
267.961;0
268.05;0
268.131;0
268.219;0
268.308;0
268.388;0
268.474;0
268.554;0
Mx
268.636;0
268.734;0
268.809;0
268.975;0
268.999;0
269.094;0
269.144;0
Mn
269.224;0
269.31;0
269.395;0
Mx
269.478;0
269.564;0
Mn
269.654;0
269.738;0
269.819;0
269.9;0
269.986;0
270.075;0
270.151;0
270.251;0
Mx
270.323;0
270.414;0
270.497;0
270.576;0
270.661;0
270.742;0
270.824;0
270.915;0
270.996;0
271.084;0
271.165;0
271.251;0
Mn
271.339;0
Mx
271.423;0
271.503;0
271.585;0
271.674;0
271.757;0
271.84;0
271.92;0
272.009;0
272.093;0
272.175;0
272.262;0
272.346;0
272.434;0
272.516;0
272.602;0
272.683;0
272.77;0
272.855;0
272.941;0
Mn
273.022;0
273.107;0
273.189;0
273.273;0
273.359;0
273.447;0
273.527;0
273.618;0
273.697;0
273.783;0
273.869;0
273.95;0
274.037;0
274.119;0
274.204;0
274.285;0
274.371;0
274.454;0
274.542;0
274.627;0
274.711;0
274.794;0
274.884;0
Mx
274.961;0
275.047;0
Mn
275.133;0
275.219;0
Mx
275.301;0
275.387;0
Mn
275.47;0
Mx
275.553;0
275.641;0
Mn
275.721;0
275.807;0
275.891;0
275.976;0
276.063;0
Mx
276.151;0
276.225;0
Mn
276.311;0
Mx
276.396;0
276.481;0
276.565;0
276.652;0
276.739;0
276.817;0
276.901;0
276.986;0
277.073;0
277.156;0
277.238;0
277.331;0
277.407;0
277.498;0
277.578;0
277.661;0
277.746;0
277.831;0
277.919;0
278.002;0
278.082;0
278.173;0
278.258;0
278.338;0
278.421;0
278.502;0
278.583;0
278.681;0
278.757;0
278.841;0
278.926;0
279.01;0
279.095;0
279.184;0
279.264;0
279.346;0
279.43;0
279.521;0
279.599;0
279.679;0
279.77;0
279.856;0
Mn
279.934;0
Mx
280.021;0
280.106;0
Mn
280.188;0
280.272;0
280.365;0
280.441;0
280.529;0
280.62;0
280.697;0
280.783;0
280.864;0
280.954;0
281.04;0
Mx
281.119;0
281.201;0
281.293;0
281.371;0
281.455;0
281.539;0
281.637;0
281.714;0
281.8;0
281.881;0
Mn
281.961;0
282.047;0
282.133;0
Mx
282.217;0
282.304;0
282.386;0
282.466;0
Mn
282.551;0
282.643;0
282.723;0
282.806;0
Mx
282.89;0
282.976;0
283.058;0
283.147;0
283.23;0
283.314;0
283.397;0
283.483;0
283.565;0
283.652;0
283.732;0
283.814;0
283.901;0
283.99;0
284.078;0
284.162;0
284.24;0
Mn
284.334;0
284.413;0
284.498;0
284.581;0
284.665;0
284.742;0
284.83;0
284.915;0
284.998;0
285.089;0
285.167;0
285.25;0
285.336;0
285.419;0
285.508;0
285.588;0
285.672;0
285.762;0
Mx
285.841;0
Mn
285.927;0
286.014;0
286.096;0
286.185;0
286.272;0
Mx
286.349;0
286.434;0
Mn
286.521;0
286.608;0
286.691;0
Mx
286.771;0
286.86;0
286.939;0
287.026;0
Mn
287.107;0
287.19;0
287.272;0
287.361;0
287.451;0
Mx
287.532;0
287.621;0
Mn
287.699;0
287.783;0
287.876;0
287.95;0
288.033;0
Mx
288.119;0
Mn
288.203;0
288.287;0
288.379;0
288.457;0
288.55;0
Mx
288.625;0
288.711;0
288.795;0
288.88;0
288.966;0
289.049;0
289.131;0
289.216;0
289.301;0
289.39;0
289.477;0
289.561;0
289.64;0
289.723;0
289.811;0
289.894;0
289.984;0
290.061;0
290.147;0
290.23;0
290.314;0
290.396;0
290.483;0
290.564;0
290.651;0
290.737;0
Mn
290.816;0
290.902;0
290.993;0
291.072;0
291.158;0
291.239;0
291.321;0
291.411;0
291.497;0
291.578;0
291.662;0
291.747;0
291.833;0
291.91;0
292.001;0
292.085;0
292.169;0
292.255;0
292.335;0
Mx
292.423;0
292.506;0
292.594;0
292.677;0
292.759;0
292.848;0
292.931;0
293.015;0
293.095;0
293.18;0
293.262;0
293.353;0
293.434;0
293.524;0
293.602;0
293.689;0
293.77;0
293.856;0
293.951;0
294.029;0
294.108;0
294.197;0
294.281;0
294.363;0
294.448;0
294.535;0
294.613;0
294.706;0
294.781;0
294.866;0
294.953;0
295.035;0
295.115;0
295.199;0
295.289;0
Mn
295.371;0
295.458;0
295.542;0
295.627;0
295.714;0
295.798;0
295.88;0
295.963;0
296.046;0
296.135;0
296.217;0
296.301;0
296.382;0
296.472;0
296.555;0
296.645;0
296.724;0
296.808;0
296.891;0
296.974;0
Mx
297.061;0
297.143;0
297.234;0
297.316;0
297.397;0
Mn
297.481;0
Mx
297.567;0
297.652;0
297.738;0
297.823;0
297.907;0
298.002;0
298.076;0
298.157;0
298.239;0
298.332;0
298.407;0
298.497;0
298.581;0
298.663;0
298.745;0
298.838;0
298.922;0
299.005;0
299.088;0
299.168;0
299.255;0
Mn
299.337;0
299.424;0
299.513;0
299.603;0
299.677;0
299.759;0
299.845;0
299.923;0
300.012;0
300.098;0
300.182;0
300.271;0
300.358;0
300.436;0
300.525;0
300.603;0
300.689;0
300.767;0
300.858;0
300.943;0
301.027;0
301.108;0
301.195;0
Mx
301.275;0
301.363;0
301.449;0
301.53;0
301.623;0
301.698;0
301.784;0
301.87;0
301.95;0
302.035;0
302.12;0
302.207;0
302.291;0
302.373;0
302.457;0
302.543;0
302.628;0
302.707;0
302.797;0
302.881;0
302.967;0
303.051;0
303.135;0
303.218;0
303.307;0
303.394;0
303.47;0
303.556;0
303.64;0
303.723;0
303.81;0
303.895;0
303.977;0
304.063;0
304.147;0
304.233;0
304.314;0
304.398;0
304.483;0
304.571;0
304.65;0
304.732;0
304.831;0
304.903;0
304.987;0
305.079;0
305.162;0
305.246;0
305.33;0
305.411;0
305.493;0
Mn
305.579;0
305.665;0
305.754;0
305.835;0
305.916;0
305.999;0
306.086;0
306.17;0
306.258;0
306.342;0
306.425;0
306.51;0
306.592;0
306.677;0
306.765;0
306.848;0
306.933;0
307.011;0
Mx
307.097;0
307.183;0
307.266;0
307.354;0
307.437;0
307.52;0
307.606;0
307.688;0
307.774;0
307.858;0
307.95;0
308.03;0
308.114;0
308.193;0
308.276;0
308.37;0
308.447;0
308.535;0
308.621;0
308.7;0
308.789;0
308.87;0
308.955;0
309.038;0
Mn
309.122;0
309.205;0
Mx
309.293;0
309.378;0
309.461;0
309.549;0
Mn
309.629;0
309.712;0
309.801;0
309.883;0
309.964;0
Mx
310.047;0
310.135;0
Mn
310.217;0
310.303;0
310.388;0
310.476;0
310.555;0
310.641;0
310.725;0
310.809;0
310.898;0
310.984;0
Mx
311.072;0
311.157;0
311.231;0
Mn
311.315;0
311.397;0
311.49;0
311.565;0
311.656;0
Mx
311.743;0
311.824;0
311.905;0
311.987;0
312.08;0
312.164;0
312.247;0
312.33;0
312.413;0
312.502;0
312.583;0
312.665;0
312.752;0
312.835;0
312.92;0
313.002;0
313.089;0
313.171;0
313.261;0
313.343;0
313.428;0
313.509;0
313.595;0
Mn
313.679;0
313.762;0
313.845;0
313.931;0
314.018;0
314.1;0
314.186;0
314.267;0
314.352;0
314.436;0
314.524;0
314.606;0
314.693;0
314.78;0
314.856;0
314.942;0
315.025;0
315.113;0
Mx
315.199;0
315.281;0
Mn
315.369;0
315.451;0
315.533;0
315.625;0
315.702;0
Mx
315.787;0
315.871;0
Mn
315.954;0
316.042;0
316.123;0
316.209;0
316.292;0
Mx
316.377;0
316.464;0
316.542;0
Mn
316.633;0
316.715;0
316.8;0
316.883;0
Mx
316.966;0
317.051;0
Mn
317.139;0
317.227;0
317.302;0
317.386;0
Mx
317.473;0
317.558;0
317.648;0
317.728;0
Mn
317.813;0
Mx
317.892;0
317.988;0
318.061;0
318.147;0
318.234;0
318.318;0
318.402;0
318.486;0
318.574;0
318.654;0
318.741;0
318.826;0
318.904;0
318.994;0
319.078;0
319.162;0
319.251;0
319.327;0
319.416;0
319.503;0
319.588;0
Mn
319.666;0
319.75;0
319.835;0
319.922;0
320.004;0
320.092;0
320.171;0
320.256;0
320.348;0
320.424;0
320.512;0
320.596;0
320.681;0
Mx
320.763;0
Mn
320.846;0
320.933;0
Mx
321.018;0
321.097;0
Mn
321.19;0
Mx
321.264;0
321.352;0
321.437;0
321.522;0
321.608;0
321.689;0
321.769;0
321.866;0
321.947;0
322.033;0
322.112;0
322.197;0
322.28;0
322.364;0
322.447;0
322.536;0
322.62;0
322.708;0
322.786;0
322.871;0
322.956;0
323.04;0
323.134;0
323.212;0
323.306;0
323.386;0
323.459;0
Mn
323.547;0
323.635;0
323.712;0
323.801;0
323.886;0
323.973;0
324.056;0
324.135;0
324.227;0
324.31;0
324.398;0
324.473;0
324.557;0
324.645;0
324.737;0
Mx
324.813;0
324.894;0
324.977;0
325.071;0
325.158;0
325.238;0
325.323;0
325.4;0
325.484;0
325.571;0
325.654;0
325.742;0
325.836;0
325.912;0
325.997;0
326.08;0
326.168;0
326.248;0
326.331;0
326.416;0
326.498;0
326.581;0
326.667;0
326.756;0
Mn
326.839;0
326.929;0
327.005;0
327.087;0
327.177;0
327.251;0
327.341;0
327.427;0
327.512;0
327.597;0
327.682;0
327.764;0
327.85;0
327.932;0
328.016;0
328.101;0
328.186;0
Mx
328.269;0
328.352;0
328.437;0
328.529;0
328.612;0
328.695;0
328.779;0
328.866;0
328.951;0
329.029;0
329.113;0
329.197;0
329.281;0
329.366;0
329.449;0
329.543;0
329.622;0
329.704;0
329.786;0
329.871;0
329.962;0
330.043;0
330.125;0
330.217;0
330.296;0
330.377;0
330.463;0
330.547;0
330.632;0
330.719;0
330.807;0
330.895;0
330.975;0
Mn
331.054;0
331.137;0
331.224;0
331.308;0
331.391;0
331.48;0
331.56;0
331.648;0
331.73;0
331.811;0
331.896;0
331.988;0
332.063;0
332.15;0
332.237;0
332.317;0
Mx
332.403;0
332.486;0
332.568;0
332.656;0
332.739;0
332.822;0
332.916;0
332.996;0
333.082;0
333.164;0
333.249;0
333.332;0
333.412;0
333.499;0
333.584;0
333.669;0
333.753;0
333.839;0
333.92;0
334.005;0
334.085;0
334.174;0
334.26;0
334.342;0
334.426;0
334.511;0
334.595;0
334.679;0
334.769;0
334.844;0
334.943;0
Mn
335.025;0
335.102;0
335.186;0
335.27;0
335.358;0
335.437;0
335.526;0
335.614;0
335.692;0
335.776;0
335.858;0
335.942;0
336.033;0
336.116;0
336.199;0
336.286;0
Mx
336.364;0
336.45;0
336.54;0
336.623;0
336.707;0
336.787;0
336.867;0
336.96;0
337.041;0
337.124;0
337.217;0
337.305;0
337.383;0
337.473;0
337.549;0
337.632;0
337.716;0
337.801;0
337.884;0
337.974;0
338.057;0
338.141;0
338.232;0
338.313;0
338.392;0
338.477;0
Mn
338.559;0
338.645;0
338.728;0
338.819;0
338.895;0
338.988;0
339.066;0
339.152;0
339.236;0
339.324;0
339.404;0
339.491;0
339.574;0
339.66;0
339.743;0
Mx
339.825;0
339.91;0
339.996;0
340.079;0
340.162;0
340.25;0
340.332;0
340.411;0
340.506;0
340.585;0
340.665;0
340.754;0
340.842;0
340.926;0
341.007;0
341.09;0
341.177;0
341.264;0
341.344;0
341.427;0
341.511;0
341.597;0
341.678;0
341.761;0
341.858;0
341.939;0
342.023;0
342.104;0
342.189;0
Mn
342.273;0
Mx
342.358;0
342.438;0
Mn
342.527;0
342.615;0
342.695;0
342.788;0
342.863;0
342.941;0
343.032;0
343.117;0
343.199;0
343.283;0
343.367;0
Mx
343.449;0
343.536;0
343.629;0
343.704;0
343.795;0
343.882;0
343.959;0
344.047;0
344.127;0
344.223;0
344.301;0
344.38;0
344.462;0
344.55;0
344.633;0
344.716;0
344.803;0
344.892;0
344.972;0
345.056;0
345.139;0
345.226;0
345.316;0
345.392;0
345.476;0
345.557;0
345.645;0
345.727;0
345.816;0
345.901;0
345.98;0
346.076;0
346.158;0
Mn
346.237;0
346.32;0
346.405;0
346.486;0
346.575;0
346.668;0
346.745;0
346.834;0
346.911;0
346.994;0
347.082;0
347.164;0
347.247;0
Mx
347.336;0
347.418;0
347.496;0
347.587;0
347.671;0
347.758;0
347.844;0
347.927;0
348.005;0
348.092;0
348.174;0
348.257;0
348.352;0
348.428;0
348.515;0
348.597;0
348.682;0
348.766;0
348.846;0
348.932;0
349.016;0
349.105;0
349.193;0
349.275;0
349.357;0
349.448;0
349.527;0
349.616;0
349.69;0
349.778;0
349.865;0
349.946;0
350.032;0
Mn
350.118;0
350.204;0
350.287;0
350.375;0
350.461;0
350.537;0
350.622;0
350.706;0
350.789;0
350.879;0
350.962;0
351.044;0
351.129;0
351.212;0
351.297;0
351.379;0
351.465;0
351.552;0
Mx
351.634;0
351.729;0
351.803;0
351.893;0
351.973;0
352.055;0
352.143;0
352.225;0
352.319;0
352.394;0
352.48;0
352.565;0
352.653;0
352.729;0
352.819;0
352.901;0
352.99;0
353.068;0
353.153;0
353.236;0
353.322;0
Mn
353.406;0
353.49;0
353.577;0
353.664;0
353.745;0
353.833;0
353.912;0
Mx
353.994;0
Mn
354.078;0
354.166;0
Mx
354.251;0
354.332;0
354.426;0
354.502;0
354.584;0
Mn
354.669;0
354.755;0
354.842;0
354.926;0
355.007;0
355.092;0
355.176;0
355.258;0
355.345;0
355.433;0
355.517;0
355.603;0
355.682;0
vMx
FT
355.769;0
355.853;0
355.939;0
356.025;0
356.102;0
356.188;0
356.271;0
356.361;0
356.444;0
356.527;0
356.605;0
Mn
356.696;0
Mx
356.776;0
356.859;0
356.947;0
357.037;0
357.119;0
357.202;0
357.288;0
357.371;0
357.456;0
357.542;0
357.63;0
357.71;0
357.797;0
357.878;0
357.96;0
358.046;0
358.125;0
358.213;0
358.297;0
358.381;0
358.47;0
358.552;0
358.634;0
358.72;0
358.803;0
358.887;0
358.98;0
Mn
359.058;0
359.142;0
359.23;0
Mx
359.311;0
359.395;0
Mn
359.484;0
359.562;0
359.652;0
359.735;0
359.816;0
Mx
359.901;0
359.986;0
360.07;0
Mn
360.149;0
360.238;0
Mx
360.325;0
360.408;0
360.49;0
360.573;0
Mn
360.66;0
360.746;0
Mx
360.827;0
Mn
360.911;0
361;0
Mx
361.083;0
361.168;0
361.25;0
Mn
361.337;0
361.421;0
361.511;0
361.594;0
Mx
361.671;0
361.758;0
Mn
361.84;0
361.926;0
362.011;0
Mx
362.096;0
362.182;0
362.261;0
Mn
362.345;0
Mx
362.428;0
Mn
362.515;0
362.599;0
Mx
362.693;0
362.775;0
362.864;0
Mn
362.941;0
363.02;0
Mx
363.108;0
363.189;0
363.275;0
363.362;0
363.442;0
363.526;0
363.61;0
363.691;0
363.789;0
363.864;0
363.946;0
364.036;0
364.119;0
364.199;0
364.29;0
364.372;0
364.457;0
364.546;0
364.626;0
364.711;0
364.792;0
364.876;0
364.968;0
365.048;0
365.132;0
365.215;0
365.299;0
Mn
365.383;0
365.472;0
365.554;0
365.634;0
365.722;0
365.802;0
365.895;0
365.974;0
366.068;0
366.153;0
366.229;0
366.316;0
366.394;0
366.477;0
Mx
366.569;0
366.648;0
366.733;0
366.819;0
366.9;0
Mn
366.987;0
367.071;0
367.16;0
367.235;0
Mx
367.331;0
367.412;0
367.499;0
Mn
367.581;0
367.665;0
367.756;0
367.834;0
Mx
367.925;0
368.004;0
Mn
368.082;0
Mx
368.168;0
368.255;0
368.336;0
368.425;0
368.508;0
368.591;0
Mn
368.676;0
368.758;0
368.849;0
368.933;0
Mx
369.016;0
369.098;0
369.18;0
369.259;0
369.352;0
369.437;0
369.519;0
369.599;0
369.684;0
369.767;0
369.859;0
369.948;0
370.02;0
370.104;0
370.19;0
370.278;0
Mn
370.366;0
370.443;0
370.53;0
370.615;0
370.696;0
370.786;0
370.879;0
370.962;0
371.032;0
371.119;0
371.203;0
371.282;0
371.375;0
371.463;0
371.541;0
371.621;0
371.711;0
371.794;0
vMx
FT
371.877;0
371.96;0
372.044;0
372.132;0
372.215;0
372.299;0
372.387;0
372.469;0
372.553;0
372.644;0
372.725;0
372.808;0
372.898;0
372.981;0
373.061;0
373.142;0
373.228;0
373.311;0
373.405;0
373.489;0
373.563;0
373.649;0
373.735;0
373.822;0
373.907;0
373.993;0
374.076;0
374.157;0
374.243;0
374.327;0
374.412;0
374.497;0
Mn
374.576;0
374.66;0
Mx
374.748;0
374.827;0
374.924;0
375;0
Mn
375.083;0
375.168;0
Mx
375.256;0
375.336;0
375.421;0
375.508;0
375.589;0
375.675;0
375.762;0
Mn
375.847;0
375.928;0
376.012;0
376.099;0
376.189;0
376.267;0
376.348;0
376.433;0
376.516;0
376.596;0
376.695;0
376.773;0
376.851;0
376.938;0
377.022;0
377.113;0
377.191;0
377.277;0
377.36;0
377.443;0
377.53;0
vMx
FT
377.614;0
377.697;0
377.787;0
377.867;0
377.956;0
378.044;0
378.122;0
378.205;0
378.291;0
378.371;0
378.461;0
378.54;0
378.622;0
378.709;0
378.793;0
378.881;0
378.972;0
379.058;0
379.128;0
379.218;0
379.304;0
379.382;0
379.472;0
379.555;0
Mn
379.64;0
379.723;0
379.807;0
379.898;0
Mx
379.985;0
380.068;0
Mn
380.145;0
380.233;0
380.321;0
380.401;0
380.481;0
380.568;0
380.647;0
380.734;0
380.817;0
380.903;0
vMx
FT
380.995;0
381.085;0
381.161;0
381.241;0
381.325;0
381.412;0
381.494;0
381.582;0
381.662;0
381.749;0
381.83;0
381.914;0
381.999;0
382.087;0
382.167;0
382.25;0
382.342;0
382.425;0
382.509;0
382.59;0
Mn
382.68;0
Mx
382.759;0
382.842;0
382.93;0
383.013;0
Mn
383.097;0
383.181;0
Mx
383.268;0
383.353;0
383.436;0
383.519;0
383.604;0
383.686;0
383.772;0
383.861;0
383.938;0
384.03;0
384.108;0
384.195;0
Mn
384.282;0
384.376;0
Mx
384.45;0
Mn
384.526;0
384.617;0
384.694;0
384.783;0
384.87;0
384.952;0
385.038;0
385.134;0
385.212;0
385.289;0
385.374;0
385.46;0
385.544;0
385.628;0
385.713;0
385.794;0
385.886;0
385.961;0
vMx
FT
386.052;0
386.135;0
386.216;0
386.303;0
386.393;0
386.469;0
386.555;0
386.642;0
386.73;0
386.809;0
386.89;0
386.977;0
387.061;0
387.145;0
387.229;0
387.322;0
387.395;0
387.49;0
387.565;0
387.657;0
387.736;0
387.817;0
387.899;0
387.984;0
388.08;0
388.16;0
388.244;0
388.325;0
388.409;0
Mn
388.494;0
388.579;0
Mx
388.666;0
388.75;0
388.834;0
Mn
388.915;0
388.998;0
389.082;0
389.175;0
389.256;0
389.339;0
389.425;0
389.504;0
389.593;0
389.677;0
389.762;0
389.845;0
389.929;0
390.01;0
390.096;0
vMx
390.186;1
390.266;1
390.352;1
390.434;2
390.516;2
390.602;2
390.689;2
390.771;2
390.858;3
390.943;3
391.029;3
391.114;3
391.194;3
391.276;4
391.368;4
391.448;4
391.535;4
391.62;4
391.7;5
391.787;5
391.87;5
Mn
391.953;5
392.041;6
392.122;6
392.211;6
392.289;6
392.373;6
FA
392.461;0
392.543;0
392.634;0
392.713;0
392.795;0
392.879;0
392.971;0
393.051;0
393.135;0
393.222;0
vMx
393.304;1
393.392;1
393.484;2
393.558;2
393.645;2
393.722;2
393.811;3
393.892;3
393.977;3
394.063;4
394.146;4
394.238;4
394.315;4
394.401;5
394.486;5
394.574;5
394.652;5
394.738;6
394.816;6
Mn
394.911;6
394.997;7
395.072;7
395.158;7
395.247;7
395.328;8
395.413;8
395.499;8
FA
395.578;0
395.665;0
395.753;0
395.833;0
395.918;0
396.002;0
396.087;0
vMx
396.174;1
396.257;2
396.339;2
396.423;2
396.508;2
396.594;3
396.68;3
396.758;3
396.841;4
396.932;4
397.013;4
397.095;4
397.182;5
397.265;5
397.348;5
397.445;6
397.527;6
397.602;6
397.688;7
397.772;7
397.858;7
397.947;7
398.027;8
FA
398.109;0
398.198;0
398.277;0
398.362;0
398.448;0
398.532;0
398.616;0
398.7;0
Mn
398.79;0
398.874;0
398.955;0
399.046;0
399.122;0
399.21;0
399.296;0
399.375;0
399.46;0
399.544;0
399.623;0
vMx
FA
399.714;0
399.807;0
399.881;0
399.968;0
400.05;0
400.136;0
400.217;0
400.303;0
400.382;0
400.472;0
400.558;0
400.642;0
400.726;0
400.81;0
400.892;0
tMax1.7658e+06ns;tMean189604ns;tStd36359.5ns