BruMi-20210616-082150_clean.csv;0;75
17.133
17.227
17.316
17.407
17.502
fc0.33fs10.6383a0.176581
17.59
17.673
17.765
17.857
17.942
18.036
18.127
18.214
18.307
18.391
18.481
18.57
18.663
18.746
18.843
18.93
19.018
19.111
19.198
19.29
19.378
19.469
19.559
19.646
19.737
19.827
19.917
20.007
20.091
20.184
20.275
20.362
20.453
20.541
20.63
20.718
20.809
20.901
20.993
21.079
21.166
21.258
21.349
21.436
21.527
21.618
21.706
21.798
21.885
21.977
22.066
22.158
22.244
22.335
22.424
22.512
22.605
22.692
22.79
22.877
22.966
23.048
23.139
23.228
23.319
23.417
23.5
23.589
23.681
23.773
23.865
23.953
24.04
24.129
24.219
24.31
24.4
24.489
24.581
24.667
24.761
24.852
24.943
25.032
25.119
25.205
25.297
25.387
25.477
25.57
25.659
25.748
25.837
25.933
26.016
26.107
PRS:18.391;19.917;21.618;0.0979332
Mn
FP
26.198;0
26.286;0
26.375;0
26.465;0
26.554;0
26.646;0
26.739;0
26.825;0
26.915;0
27.006;0
27.093;0
27.185;0
27.276;0
27.364;0
27.455;0
27.545;0
27.634;0
27.724;0
27.818;0
27.904;0
27.994;0
28.088;0
28.174;0
28.263;0
28.356;0
vMx
FT
28.445;0
Mn
28.534;0
28.626;0
vMx
FT
28.714;0
28.805;0
28.893;0
28.987;0
29.075;0
29.165;0
29.253;0
29.351;0
29.44;0
29.521;0
29.614;0
29.707;0
29.795;0
29.885;0
29.973;0
30.067;0
Mn
30.148;0
30.243;0
30.334;0
30.424;0
30.512;0
30.609;0
30.699;0
30.79;0
30.877;0
30.959;0
31.05;0
vMx
FT
31.148;0
31.23;0
31.322;0
31.412;0
31.498;0
31.594;0
31.681;0
31.77;0
31.86;0
31.951;0
32.038;0
32.127;0
32.216;0
32.311;0
32.404;0
Mn
32.486;0
32.577;0
Mx
32.669;0
Mn
32.755;0
32.852;0
32.94;0
33.026;0
33.115;0
33.205;0
33.293;0
33.386;0
33.473;0
33.563;0
vMx
33.654;2
33.743;2
33.827;2
33.922;3
FA
34.014;0
34.096;0
34.19;0
34.28;0
34.365;0
34.455;0
34.545;0
34.638;0
34.731;0
34.817;0
34.907;0
34.997;0
35.087;0
35.171;0
35.264;0
35.355;0
35.444;0
35.535;0
Mn
35.624;0
35.717;0
35.808;0
35.898;0
35.987;0
36.079;0
36.165;0
36.251;0
36.341;0
36.431;0
36.52;0
36.607;0
36.7;0
vMx
FA
36.788;0
Mn
36.878;0
36.968;0
vMx
FT
37.061;0
37.151;0
37.238;0
37.327;0
37.417;0
37.509;0
37.597;0
37.687;0
37.774;0
37.865;0
37.956;0
38.044;0
38.135;0
38.222;0
38.313;0
Mn
38.402;0
38.492;0
38.582;0
38.672;0
38.761;0
38.851;0
38.94;0
39.029;0
39.12;0
39.209;0
39.304;0
39.39;0
39.482;0
39.569;0
vMx
FT
39.659;0
39.748;0
39.839;0
39.928;0
40.02;0
40.11;0
40.199;0
40.287;0
40.377;0
40.468;0
40.556;0
40.647;0
40.738;0
40.825;0
40.918;0
41.008;0
41.099;0
41.188;0
41.28;0
41.368;0
41.458;0
Mn
41.548;0
41.635;0
41.724;0
41.813;0
41.908;0
41.998;0
42.086;0
42.175;0
42.264;0
42.354;0
42.446;0
42.536;0
42.623;0
42.714;0
vMx
42.805;1
42.893;2
42.98;2
43.079;2
43.168;3
43.257;3
43.348;3
43.437;3
43.521;4
43.612;4
43.704;4
43.787;5
43.885;5
43.976;5
44.064;5
Mn
44.153;6
FA
44.24;0
44.335;0
44.42;0
44.507;0
44.606;0
44.693;0
44.78;0
44.87;0
44.96;0
45.054;0
45.138;0
45.228;0
45.323;0
45.409;0
vMx
FA
45.5;0
45.591;0
45.681;0
45.769;0
45.861;0
45.946;0
46.04;0
46.129;0
46.215;0
46.313;0
46.405;0
46.487;0
46.578;0
46.668;0
46.753;0
46.849;0
46.94;0
47.025;0
47.116;0
47.209;0
47.296;0
47.389;0
Mn
47.478;0
47.566;0
47.661;0
47.752;0
47.836;0
47.931;0
48.02;0
48.102;0
48.195;0
48.287;0
48.378;0
48.466;0
48.556;0
48.646;0
48.736;0
vMx
FA
48.829;0
48.915;0
49.002;0
49.1;0
49.189;0
49.275;0
49.367;0
49.455;0
49.543;0
49.638;0
49.718;0
49.812;0
49.901;0
49.994;0
50.084;0
50.172;0
50.261;0
50.352;0
50.441;0
50.53;0
Mn
50.62;0
50.711;0
50.799;0
50.891;0
50.982;0
51.076;0
51.157;0
51.254;0
51.337;0
51.433;0
51.515;0
51.606;0
51.7;0
51.783;0
51.878;0
51.968;0
52.057;0
52.146;0
vMx
52.236;1
52.325;2
52.413;2
FA
52.499;0
52.597;0
52.687;0
52.775;0
52.865;0
52.956;0
53.049;0
53.138;0
53.224;0
Mn
53.311;0
Mx
53.409;0
Mn
53.498;0
53.583;0
53.672;0
53.759;0
53.851;0
53.94;0
54.03;0
54.125;0
54.208;0
54.298;0
54.395;0
vMx
FT
54.481;0
54.567;0
54.66;0
54.751;0
54.836;0
54.93;0
55.026;0
55.104;0
55.198;0
55.288;0
55.374;0
55.466;0
55.558;0
55.643;0
55.737;0
55.828;0
55.917;0
56.009;0
56.097;0
56.185;0
Mn
56.276;0
56.368;0
56.451;0
56.545;0
56.636;0
56.725;0
56.815;0
56.902;0
56.992;0
57.08;0
57.173;0
vMx
57.256;1
57.35;2
57.439;2
57.528;2
57.62;3
57.709;3
57.798;3
57.889;4
57.981;4
58.074;4
58.164;5
58.251;5
58.333;5
58.433;6
58.518;6
58.605;6
58.697;7
58.789;7
58.881;7
58.965;8
Mn
59.058;8
59.144;8
59.237;9
59.327;9
59.411;9
FA
59.508;0
59.6;0
59.68;0
59.776;0
59.864;0
59.954;0
60.044;0
60.131;0
60.222;0
60.311;0
60.404;0
60.488;0
60.582;0
vMx
FA
60.671;0
60.754;0
60.852;0
60.939;0
61.023;0
61.119;0
61.208;0
61.301;0
61.393;0
61.479;0
61.568;0
61.656;0
61.748;0
61.833;0
61.933;0
62.017;0
Mn
62.103;0
62.199;0
62.285;0
62.37;0
62.461;0
62.556;0
62.639;0
62.733;0
62.824;0
62.912;0
63.005;0
63.091;0
63.182;0
63.271;0
vMx
63.363;2
63.446;2
63.541;2
63.629;3
63.718;3
63.808;3
63.896;4
63.985;4
64.082;4
64.174;5
64.255;5
64.345;5
64.435;6
64.53;6
64.619;6
FA
64.706;0
64.792;0
Mn
64.883;0
64.974;0
Mx
65.064;0
Mn
65.154;0
65.243;0
65.335;0
65.422;0
65.512;0
65.602;0
65.692;0
65.782;0
65.878;0
65.963;0
66.055;0
vMx
FA
66.14;0
66.231;0
66.321;0
66.407;0
66.499;0
66.593;0
66.674;0
66.775;0
66.86;0
66.947;0
67.036;0
67.126;0
67.216;0
67.306;0
67.398;0
67.486;0
67.576;0
67.665;0
67.76;0
67.848;0
Mn
67.94;0
68.021;0
68.111;0
68.202;0
68.292;0
68.384;0
68.476;0
68.563;0
68.652;0
68.743;0
68.831;0
68.921;0
69.016;0
69.105;0
vMx
FA
69.196;0
69.285;0
69.376;0
69.46;0
69.55;0
69.64;0
69.731;0
69.819;0
69.908;0
69.999;0
70.089;0
70.18;0
70.267;0
70.358;0
70.446;0
70.534;0
70.626;0
Mn
70.711;0
70.804;0
70.895;0
70.985;0
71.075;0
71.163;0
71.254;0
71.342;0
71.435;0
71.523;0
71.607;0
71.698;0
71.795;0
71.887;0
71.976;0
72.063;0
vMx
FA
72.148;0
72.242;0
72.328;0
72.42;0
72.508;0
72.598;0
72.689;0
72.776;0
72.867;0
72.957;0
73.047;0
73.135;0
73.226;0
73.318;0
73.408;0
73.498;0
73.585;0
73.673;0
73.764;0
73.855;0
Mn
73.943;0
74.034;0
74.123;0
74.212;0
74.302;0
74.393;0
74.479;0
74.574;0
74.665;0
74.751;0
74.84;0
vMx
FA
74.932;0
75.022;0
75.109;0
75.202;0
75.292;0
75.381;0
75.469;0
75.56;0
75.65;0
75.738;0
75.827;0
75.917;0
76.008;0
76.097;0
76.187;0
76.278;0
Mn
76.369;0
Mx
76.458;0
76.551;0
Mn
76.634;0
76.728;0
76.818;0
76.905;0
76.994;0
77.084;0
77.173;0
77.26;0
77.355;0
77.444;0
77.535;0
77.625;0
77.714;0
77.803;0
vMx
77.893;1
77.982;2
78.071;2
78.166;2
78.255;3
78.344;3
78.428;3
78.522;4
78.61;4
FA
78.699;0
78.79;0
78.882;0
78.97;0
79.063;0
79.155;0
79.244;0
79.327;0
79.418;0
79.508;0
79.599;0
Mn
79.691;0
79.777;0
79.868;0
79.96;0
80.043;0
80.137;0
80.227;0
80.32;0
80.407;0
80.498;0
80.59;0
80.677;0
80.768;0
80.856;0
80.949;0
81.035;0
81.123;0
81.214;0
vMx
FA
81.307;0
81.396;0
81.487;0
81.575;0
81.666;0
81.751;0
81.84;0
81.938;0
82.02;0
82.113;0
82.206;0
82.292;0
82.384;0
82.475;0
82.563;0
82.652;0
82.744;0
Mn
82.832;0
82.922;0
83.012;0
83.1;0
83.19;0
83.282;0
83.368;0
83.461;0
83.551;0
83.638;0
83.728;0
83.818;0
83.909;0
83.999;0
84.084;0
84.177;0
vMx
84.271;1
84.357;2
84.447;2
84.541;2
84.63;3
84.717;3
84.805;3
84.896;4
84.989;4
85.08;4
85.168;4
85.259;5
85.345;5
85.437;5
85.521;6
85.613;6
85.704;6
85.794;7
Mn
85.885;7
85.98;7
FA
86.061;0
86.16;0
86.246;0
86.34;0
86.429;0
86.514;0
86.607;0
86.696;0
86.783;0
86.871;0
vMx
FA
86.96;0
87.053;0
87.141;0
87.234;0
87.324;0
87.409;0
87.503;0
87.595;0
87.679;0
87.772;0
87.86;0
87.949;0
88.04;0
88.128;0
88.22;0
88.311;0
88.401;0
88.485;0
88.577;0
88.669;0
88.76;0
Mn
88.849;0
88.942;0
89.026;0
89.119;0
89.212;0
89.297;0
89.39;0
89.478;0
89.567;0
89.657;0
89.756;0
89.837;0
89.933;0
90.017;0
90.108;0
90.197;0
vMx
90.289;1
90.374;2
FA
90.468;0
90.557;0
Mn
90.647;0
90.738;0
Mx
90.827;0
90.916;0
91.005;0
91.096;0
91.179;0
91.274;0
91.365;0
91.454;0
91.545;0
91.634;0
91.724;0
Mn
91.816;0
91.905;0
91.994;0
92.08;0
92.174;0
92.267;0
92.348;0
92.442;0
92.528;0
92.623;0
92.711;0
92.795;0
92.889;0
92.982;0
93.074;0
93.16;0
93.248;0
vMx
FA
93.332;0
93.428;0
93.52;0
93.607;0
93.695;0
93.787;0
93.876;0
93.97;0
94.059;0
94.14;0
94.233;0
94.322;0
94.415;0
Mn
94.503;0
94.593;0
94.677;0
94.773;0
94.865;0
94.952;0
95.043;0
95.132;0
95.217;0
95.311;0
95.4;0
95.488;0
95.586;0
95.677;0
95.768;0
vMx
95.853;2
95.942;2
96.034;2
96.124;3
96.216;3
96.299;3
96.387;4
96.484;4
96.568;4
96.661;5
96.748;5
FA
96.836;0
96.929;0
97.02;0
97.101;0
97.192;0
97.289;0
97.375;0
Mn
97.465;0
97.552;0
97.642;0
97.735;0
97.823;0
97.917;0
98.005;0
98.096;0
98.189;0
98.278;0
98.361;0
98.45;0
98.539;0
98.63;0
98.719;0
vMx
98.814;1
98.902;2
98.987;2
99.075;2
99.17;3
99.255;3
99.346;3
99.435;4
99.523;4
99.615;4
99.702;4
99.794;5
99.885;5
99.976;5
100.064;6
100.158;6
100.247;6
100.328;7
100.421;7
100.511;7
Mn
FA
100.598;0
100.695;0
100.785;0
100.872;0
100.959;0
101.05;0
101.137;0
101.23;0
101.318;0
101.408;0
101.501;0
vMx
FA
101.589;0
101.676;0
101.767;0
101.858;0
101.947;0
102.036;0
102.127;0
102.218;0
102.307;0
102.398;0
102.483;0
102.577;0
102.664;0
102.758;0
102.849;0
102.938;0
103.023;0
Mn
103.113;0
103.202;0
103.293;0
103.38;0
103.47;0
103.561;0
103.651;0
103.739;0
103.829;0
103.918;0
104.011;0
104.098;0
104.192;0
104.283;0
104.369;0
104.459;0
vMx
104.548;1
104.636;2
104.729;2
104.816;2
104.905;3
104.995;3
105.086;3
105.177;4
105.265;4
105.355;4
105.442;4
105.538;5
105.629;5
105.712;5
105.803;6
Mn
105.897;6
105.982;6
106.073;7
106.162;7
FA
106.255;0
106.339;0
106.433;0
106.52;0
106.61;0
106.699;0
106.789;0
106.88;0
106.969;0
107.057;0
107.15;0
107.239;0
107.326;0
107.417;0
107.507;0
107.598;0
vMx
FA
107.686;0
107.778;0
107.868;0
107.956;0
108.045;0
108.135;0
108.224;0
108.318;0
108.41;0
108.495;0
108.583;0
108.675;0
108.762;0
108.851;0
108.941;0
109.034;0
109.124;0
109.208;0
109.3;0
109.392;0
109.486;0
109.57;0
Mn
109.66;0
109.749;0
109.838;0
109.927;0
110.018;0
110.109;0
Mx
110.198;0
110.288;0
110.38;0
110.466;0
110.556;0
110.643;0
110.737;0
Mn
110.826;0
Mx
110.914;0
111.005;0
111.093;0
111.183;0
111.275;0
111.366;0
111.451;0
Mn
111.543;0
111.631;0
111.722;0
111.813;0
111.902;0
111.997;0
112.083;0
112.172;0
112.263;0
Mx
112.353;0
112.441;0
112.531;0
112.62;0
112.712;0
112.801;0
112.89;0
Mn
112.98;0
113.069;0
113.158;0
113.249;0
113.342;0
113.429;0
113.518;0
Mx
113.607;0
113.695;0
113.789;0
113.877;0
113.967;0
114.06;0
114.153;0
114.238;0
114.326;0
114.418;0
114.507;0
114.598;0
Mn
114.687;0
114.778;0
114.867;0
114.959;0
115.049;0
115.135;0
115.226;0
115.317;0
115.405;0
115.495;0
115.587;0
115.675;0
115.766;0
115.858;0
115.944;0
Mx
116.035;0
116.128;0
116.211;0
116.309;0
Mn
116.393;0
Mx
116.485;0
116.575;0
116.664;0
116.75;0
116.841;0
116.935;0
117.024;0
Mn
117.116;0
117.203;0
Mx
117.292;0
117.387;0
117.472;0
117.563;0
117.654;0
117.742;0
117.83;0
117.921;0
118.012;0
118.103;0
118.194;0
118.282;0
118.365;0
118.463;0
118.552;0
Mn
118.642;0
118.736;0
118.828;0
118.909;0
119;0
119.093;0
119.179;0
119.272;0
119.361;0
119.445;0
119.543;0
119.631;0
Mx
119.72;0
119.811;0
119.901;0
119.987;0
120.08;0
120.169;0
120.256;0
Mn
120.345;0
120.434;0
Mx
120.527;0
120.616;0
120.708;0
120.797;0
120.889;0
120.977;0
121.068;0
121.155;0
121.245;0
121.334;0
Mn
121.424;0
121.517;0
121.6;0
121.691;0
121.781;0
121.882;0
121.972;0
122.061;0
122.144;0
122.232;0
122.326;0
122.413;0
122.506;0
122.596;0
122.682;0
122.772;0
122.863;0
122.95;0
123.044;0
123.136;0
Mx
123.22;0
123.308;0
123.4;0
123.492;0
123.579;0
123.668;0
123.758;0
123.853;0
123.944;0
124.028;0
124.12;0
124.219;0
124.303;0
124.387;0
124.476;0
124.563;0
Mn
124.659;0
124.751;0
124.841;0
124.926;0
125.016;0
125.104;0
125.193;0
125.287;0
125.37;0
125.474;0
125.559;0
Mx
125.644;0
125.737;0
125.824;0
125.912;0
126.006;0
126.095;0
126.18;0
126.272;0
126.365;0
126.452;0
126.544;0
126.635;0
126.717;0
126.811;0
126.902;0
126.989;0
Mn
127.092;0
Mx
127.177;0
127.258;0
Mn
127.347;0
127.442;0
127.527;0
127.623;0
127.709;0
127.794;0
127.887;0
127.976;0
128.068;0
128.157;0
128.248;0
128.331;0
128.423;0
128.515;0
128.604;0
128.692;0
128.786;0
vMx
FT
128.87;0
128.96;0
129.052;0
129.143;0
129.23;0
129.316;0
129.413;0
129.506;0
129.593;0
129.682;0
129.772;0
129.864;0
129.951;0
130.038;0
130.128;0
130.217;0
130.306;0
130.395;0
130.484;0
130.576;0
130.667;0
130.76;0
130.849;0
130.941;0
Mn
131.025;0
131.115;0
131.204;0
131.294;0
131.38;0
131.472;0
131.558;0
131.648;0
131.738;0
131.832;0
131.921;0
132.012;0
vMx
FT
132.096;0
132.189;0
132.279;0
Mn
132.369;0
132.457;0
vMx
FT
132.549;0
132.641;0
132.728;0
132.821;0
132.911;0
133.001;0
133.088;0
133.175;0
133.267;0
133.356;0
133.446;0
133.535;0
133.625;0
133.714;0
Mn
133.809;0
133.899;0
133.987;0
134.076;0
134.165;0
134.253;0
134.342;0
134.432;0
134.525;0
134.612;0
134.705;0
134.79;0
vMx
FT
134.88;0
134.97;0
135.059;0
135.148;0
135.239;0
135.331;0
135.42;0
135.509;0
135.597;0
135.687;0
135.779;0
135.869;0
135.958;0
136.046;0
136.136;0
136.228;0
136.317;0
136.406;0
136.496;0
136.589;0
136.683;0
136.765;0
136.857;0
Mn
136.948;0
137.04;0
137.126;0
137.213;0
137.304;0
137.392;0
137.485;0
137.575;0
137.663;0
137.754;0
137.841;0
137.932;0
138.025;0
138.111;0
vMx
FT
138.2;0
138.291;0
138.381;0
138.478;0
138.559;0
138.65;0
138.741;0
138.828;0
138.92;0
139.008;0
139.099;0
139.192;0
139.28;0
139.368;0
139.46;0
139.555;0
139.637;0
139.729;0
139.818;0
139.912;0
Mn
139.995;0
140.091;0
140.178;0
140.269;0
140.359;0
140.449;0
140.537;0
140.628;0
140.717;0
140.809;0
140.896;0
140.991;0
141.078;0
141.169;0
vMx
141.255;1
141.346;2
141.438;2
141.532;2
141.614;3
141.705;3
141.793;3
141.883;3
141.972;4
142.064;4
142.152;4
142.241;5
142.332;5
142.421;5
142.514;6
142.599;6
142.687;6
142.785;6
142.872;7
142.959;7
143.048;7
Mn
143.141;8
143.229;8
143.323;8
FA
143.409;0
143.504;0
143.593;0
143.676;0
143.77;0
143.864;0
143.957;0
144.042;0
144.136;0
144.216;0
144.311;0
144.397;0
144.487;0
144.584;0
144.675;0
vMx
FA
144.756;0
144.848;0
144.934;0
145.024;0
145.119;0
145.209;0
145.294;0
145.383;0
145.48;0
145.565;0
145.658;0
145.749;0
145.836;0
145.926;0
146.016;0
146.106;0
146.196;0
Mn
146.282;0
146.375;0
146.463;0
146.558;0
146.643;0
146.733;0
146.823;0
146.917;0
147;0
147.099;0
147.18;0
vMx
FT
147.278;0
147.363;0
147.448;0
147.54;0
147.636;0
147.719;0
147.808;0
147.9;0
147.991;0
148.081;0
148.173;0
148.262;0
148.348;0
148.439;0
148.527;0
148.621;0
148.708;0
148.796;0
148.89;0
Mn
148.975;0
149.065;0
149.158;0
149.248;0
149.333;0
149.428;0
149.521;0
149.602;0
149.698;0
149.784;0
149.873;0
149.967;0
150.063;0
vMx
150.141;1
150.232;2
150.331;2
150.411;2
150.502;3
150.591;3
150.683;3
150.77;4
150.863;4
150.951;4
151.042;5
151.132;5
151.22;5
151.31;6
151.399;6
151.489;6
151.579;6
Mn
151.675;7
FA
151.763;0
151.853;0
151.943;0
152.026;0
152.124;0
152.216;0
152.298;0
152.395;0
152.477;0
vMx
152.565;2
152.66;2
FA
152.745;0
152.838;0
152.928;0
153.016;0
153.105;0
153.196;0
153.289;0
153.374;0
153.476;0
153.563;0
153.647;0
153.736;0
153.832;0
153.914;0
154.008;0
154.094;0
154.184;0
154.273;0
154.364;0
154.452;0
Mn
154.543;0
154.632;0
154.72;0
154.813;0
154.904;0
154.989;0
155.078;0
155.173;0
155.264;0
155.354;0
155.444;0
155.527;0
155.618;0
155.71;0
155.797;0
155.887;0
155.98;0
156.069;0
156.163;0
156.25;0
vMx
FT
156.338;0
156.431;0
156.518;0
156.606;0
156.695;0
156.788;0
156.88;0
156.97;0
157.061;0
157.144;0
157.246;0
157.336;0
157.42;0
157.505;0
Mn
157.597;0
157.689;0
157.778;0
157.875;0
157.952;0
158.048;0
158.137;0
158.228;0
158.317;0
158.403;0
158.499;0
158.587;0
158.673;0
vMx
FT
158.761;0
158.857;0
158.948;0
159.031;0
159.122;0
159.21;0
159.306;0
159.396;0
159.486;0
159.565;0
159.66;0
159.75;0
159.844;0
159.933;0
160.018;0
160.106;0
Mn
160.2;0
160.29;0
160.377;0
160.472;0
160.561;0
160.654;0
160.74;0
160.829;0
160.915;0
161.008;0
vMx
161.097;2
161.184;2
161.28;2
161.373;3
161.453;3
161.55;4
161.639;4
161.722;4
161.817;5
161.902;5
161.998;6
162.084;6
162.175;6
162.261;7
162.353;7
162.444;7
FA
162.53;0
162.625;0
162.714;0
162.802;0
162.892;0
162.985;0
163.069;0
Mn
163.167;0
163.261;0
163.341;0
163.429;0
163.52;0
163.604;0
163.701;0
163.792;0
163.878;0
163.968;0
164.057;0
164.146;0
164.235;0
164.329;0
vMx
FT
164.414;0
164.506;0
164.593;0
164.687;0
164.776;0
164.864;0
164.952;0
165.045;0
165.133;0
165.225;0
165.31;0
165.4;0
165.489;0
165.578;0
165.668;0
165.758;0
165.848;0
Mn
165.937;0
166.025;0
166.116;0
166.205;0
166.294;0
166.388;0
166.476;0
166.567;0
166.657;0
166.746;0
166.832;0
vMx
166.923;2
167.012;2
167.103;2
167.192;3
167.28;3
167.371;3
167.46;4
167.551;4
167.64;4
FA
167.732;0
167.821;0
167.909;0
168.001;0
168.088;0
168.187;0
168.27;0
168.362;0
168.446;0
168.537;0
168.632;0
168.717;0
168.807;0
Mn
168.899;0
168.992;0
169.079;0
169.171;0
169.258;0
169.349;0
169.436;0
169.524;0
169.614;0
169.707;0
169.797;0
169.884;0
vMx
169.976;1
170.068;2
Mn
170.155;2
vMx
FT
170.243;0
170.335;0
170.425;0
170.519;0
170.605;0
170.695;0
170.782;0
170.874;0
170.963;0
171.053;0
Mn
171.143;0
171.233;0
171.324;0
171.412;0
171.499;0
171.591;0
171.682;0
171.772;0
171.868;0
171.947;0
vMx
FT
172.037;0
172.127;0
Mn
172.218;0
172.317;0
172.398;0
172.494;0
vMx
FT
172.577;0
172.672;0
172.755;0
172.846;0
172.936;0
173.027;0
173.118;0
173.206;0
173.296;0
173.386;0
173.477;0
Mn
173.565;0
173.655;0
173.745;0
173.833;0
173.925;0
174.014;0
174.104;0
174.198;0
174.284;0
174.374;0
174.473;0
174.555;0
174.646;0
174.738;0
174.824;0
vMx
FT
174.914;0
175.002;0
175.091;0
175.179;0
175.269;0
175.364;0
175.451;0
175.542;0
175.635;0
175.721;0
175.812;0
175.902;0
175.993;0
Mn
176.078;0
176.168;0
176.257;0
176.348;0
176.438;0
176.53;0
176.622;0
176.71;0
176.797;0
176.888;0
176.978;0
177.062;0
vMx
177.156;2
Mn
177.245;2
FA
177.338;0
177.428;0
vMx
FT
177.526;0
177.608;0
177.701;0
177.785;0
177.874;0
177.967;0
178.056;0
178.142;0
178.237;0
178.327;0
178.41;0
Mn
178.501;0
178.595;0
178.683;0
178.775;0
178.863;0
178.951;0
179.041;0
179.134;0
179.227;0
179.315;0
179.404;0
179.5;0
179.586;0
179.676;0
vMx
FT
179.759;0
179.853;0
179.944;0
180.032;0
180.121;0
180.212;0
180.299;0
180.395;0
180.49;0
180.581;0
180.666;0
180.76;0
180.838;0
Mn
180.936;0
181.022;0
181.112;0
181.202;0
181.298;0
181.379;0
181.473;0
181.566;0
181.645;0
181.743;0
vMx
FA
181.832;0
181.922;0
182.01;0
182.101;0
182.191;0
182.282;0
182.371;0
182.459;0
182.545;0
182.641;0
182.724;0
182.823;0
182.909;0
182.996;0
183.096;0
183.182;0
183.273;0
183.363;0
183.453;0
183.537;0
183.628;0
Mn
183.716;0
183.803;0
183.895;0
183.985;0
184.074;0
184.165;0
184.261;0
184.343;0
184.438;0
184.528;0
184.609;0
184.702;0
184.799;0
184.884;0
184.973;0
vMx
FT
185.063;0
185.155;0
185.241;0
185.333;0
185.42;0
185.513;0
185.6;0
185.69;0
185.785;0
185.873;0
185.965;0
186.051;0
Mn
186.144;0
186.23;0
186.321;0
186.41;0
186.499;0
186.593;0
186.685;0
186.768;0
186.862;0
186.95;0
187.037;0
187.127;0
187.217;0
187.304;0
vMx
FT
187.397;0
187.49;0
187.574;0
187.666;0
187.755;0
187.851;0
187.944;0
188.032;0
188.112;0
188.203;0
188.293;0
188.381;0
188.476;0
188.571;0
188.655;0
188.746;0
Mn
188.834;0
188.927;0
189.015;0
189.106;0
189.197;0
189.287;0
189.376;0
189.465;0
189.549;0
189.641;0
vMx
FA
189.73;0
189.824;0
189.91;0
189.995;0
190.093;0
190.185;0
190.27;0
190.358;0
190.45;0
190.536;0
190.628;0
190.724;0
190.806;0
190.898;0
190.987;0
Mn
191.074;0
191.167;0
191.255;0
191.349;0
191.436;0
191.527;0
191.612;0
191.71;0
191.795;0
191.888;0
191.977;0
192.064;0
192.149;0
192.246;0
vMx
192.336;2
192.422;2
192.514;2
192.602;3
192.692;3
192.783;3
192.874;4
192.961;4
193.051;4
193.143;5
193.233;5
193.325;5
193.411;6
Mn
193.497;6
Mx
193.591;6
193.68;7
FA
193.775;0
193.866;0
Mn
193.947;0
194.037;0
194.129;0
194.219;0
194.303;0
194.409;0
194.492;0
194.581;0
194.671;0
194.759;0
194.844;0
194.937;0
195.027;0
195.119;0
195.207;0
195.296;0
195.38;0
195.485;0
195.571;0
195.65;0
195.747;0
195.839;0
195.927;0
vMx
FT
196.018;0
196.108;0
196.195;0
196.28;0
196.37;0
196.457;0
196.549;0
196.639;0
196.731;0
196.819;0
196.909;0
197.003;0
197.094;0
197.184;0
197.267;0
197.36;0
197.45;0
197.535;0
197.627;0
197.718;0
197.81;0
197.903;0
197.992;0
198.074;0
198.169;0
198.252;0
198.341;0
198.443;0
198.532;0
Mn
198.613;0
198.709;0
198.796;0
198.886;0
198.977;0
199.064;0
199.149;0
199.246;0
199.332;0
199.423;0
199.517;0
199.604;0
199.69;0
199.788;0
199.879;0
vMx
199.963;1
200.052;1
200.145;2
FA
200.229;0
200.323;0
200.411;0
200.496;0
200.597;0
200.683;0
200.774;0
200.865;0
200.955;0
201.036;0
201.129;0
201.226;0
201.309;0
201.401;0
201.488;0
201.573;0
201.672;0
201.758;0
Mn
201.847;0
201.942;0
202.026;0
202.113;0
202.21;0
202.299;0
202.384;0
202.477;0
202.565;0
202.656;0
202.747;0
202.833;0
vMx
FT
202.928;0
203.018;0
203.112;0
203.189;0
203.286;0
203.374;0
203.461;0
203.554;0
203.65;0
203.732;0
203.827;0
203.909;0
204;0
204.094;0
204.181;0
204.269;0
204.361;0
204.45;0
204.54;0
204.631;0
204.722;0
Mn
204.808;0
204.897;0
204.986;0
205.08;0
205.17;0
205.259;0
205.347;0
205.44;0
205.533;0
205.619;0
205.712;0
205.798;0
205.881;0
205.976;0
vMx
FA
206.073;0
206.152;0
206.242;0
206.342;0
206.435;0
206.518;0
206.608;0
206.689;0
206.789;0
206.874;0
206.971;0
207.053;0
207.142;0
207.232;0
207.327;0
207.411;0
207.499;0
207.596;0
207.685;0
207.772;0
207.863;0
207.951;0
Mn
208.037;0
208.128;0
208.224;0
208.31;0
208.406;0
208.494;0
208.58;0
208.669;0
208.761;0
208.845;0
208.937;0
209.025;0
209.113;0
209.213;0
209.305;0
209.384;0
209.478;0
vMx
209.565;1
209.66;2
209.745;2
209.842;2
209.923;2
210.02;3
210.104;3
210.193;3
210.285;3
210.378;4
210.459;4
210.558;4
210.647;4
210.73;5
210.829;5
210.915;5
211.002;5
211.093;6
211.181;6
Mn
211.266;6
211.364;6
211.451;7
Mx
211.536;7
Mn
211.631;7
211.723;7
211.81;8
211.902;8
211.993;8
212.073;8
212.169;9
212.26;9
212.343;9
212.442;10
FA
212.532;0
212.615;0
212.714;0
212.795;0
212.881;0
212.977;0
vMx
FA
213.068;0
213.153;0
213.251;0
213.338;0
213.425;0
213.51;0
213.613;0
213.701;0
213.793;0
213.883;0
213.964;0
214.053;0
Mn
214.143;0
214.23;0
214.322;0
214.418;0
214.503;0
214.59;0
214.681;0
214.772;0
214.861;0
214.953;0
215.037;0
215.13;0
vMx
FT
215.228;0
215.308;0
215.402;0
215.489;0
215.574;0
215.671;0
215.765;0
215.848;0
215.937;0
216.028;0
216.114;0
216.213;0
216.3;0
216.381;0
216.476;0
216.567;0
216.655;0
216.742;0
216.834;0
Mn
216.924;0
217.015;0
217.106;0
217.195;0
217.285;0
217.375;0
217.463;0
217.559;0
217.646;0
217.73;0
217.825;0
217.915;0
218.003;0
218.095;0
218.181;0
vMx
FT
218.266;0
218.366;0
218.456;0
218.544;0
218.63;0
218.724;0
218.807;0
218.907;0
218.991;0
219.075;0
219.17;0
219.26;0
219.346;0
219.438;0
219.529;0
219.617;0
219.709;0
219.797;0
219.886;0
219.977;0
Mn
220.064;0
220.159;0
220.245;0
220.335;0
220.425;0
220.514;0
220.604;0
220.691;0
220.785;0
220.876;0
220.968;0
221.053;0
221.142;0
221.232;0
221.324;0
vMx
221.41;1
221.498;2
221.59;2
221.68;2
221.77;3
221.863;3
221.951;3
222.042;3
222.128;4
222.218;4
222.305;4
222.403;5
222.488;5
222.577;5
222.674;5
222.758;6
222.847;6
222.936;6
223.031;7
223.116;7
223.201;7
223.296;7
Mn
223.383;8
223.471;8
FA
223.564;0
223.656;0
223.748;0
223.834;0
223.923;0
224.021;0
224.109;0
224.192;0
224.285;0
224.377;0
224.466;0
224.553;0
224.643;0
224.731;0
224.823;0
224.917;0
vMx
224.998;1
225.098;2
225.187;2
225.27;2
225.361;2
225.451;3
225.54;3
225.632;3
225.721;3
225.813;4
225.904;4
225.996;4
226.077;4
226.173;5
226.264;5
226.349;5
226.44;5
226.531;6
226.615;6
Mn
226.707;6
226.796;6
226.883;7
226.985;7
227.074;7
FA
227.155;0
227.251;0
227.33;0
227.43;0
227.513;0
227.608;0
227.69;0
227.78;0
227.876;0
vMx
227.96;1
228.057;2
228.148;2
228.234;2
228.322;3
228.411;3
228.508;3
228.594;4
228.684;4
228.769;4
228.863;4
228.95;5
229.043;5
229.139;5
229.22;6
229.31;6
229.408;6
229.488;7
229.589;7
229.677;7
229.76;8
Mn
229.845;8
229.945;8
230.029;8
230.116;9
230.213;9
230.306;9
230.383;10
230.478;10
230.569;10
230.654;1
230.745;1
230.836;1
230.921;1
FA
231.022;0
231.111;0
231.193;0
231.285;0
231.378;0
vMx
FA
231.465;0
231.56;0
231.644;0
231.735;0
231.826;0
231.915;0
231.998;0
232.095;0
232.177;0
232.271;0
232.367;0
232.452;0
232.539;0
232.639;0
232.72;0
232.812;0
232.905;0
232.997;0
233.085;0
Mn
233.167;0
233.257;0
233.35;0
233.439;0
233.532;0
233.619;0
233.713;0
233.801;0
233.887;0
233.98;0
234.067;0
234.153;0
234.25;0
234.339;0
234.423;0
vMx
234.516;1
234.606;2
234.702;2
234.793;2
234.878;3
234.963;3
235.054;3
235.148;3
235.233;4
235.326;4
235.416;4
235.506;5
235.596;5
235.683;5
235.768;5
235.863;6
235.955;6
236.046;6
236.13;7
236.22;7
236.305;7
Mn
FA
236.4;0
236.489;0
236.584;0
236.673;0
236.762;0
236.846;0
236.941;0
237.031;0
237.114;0
237.216;0
237.302;0
237.384;0
237.476;0
237.566;0
237.654;0
237.753;0
237.843;0
237.929;0
238.013;0
238.104;0
238.193;0
238.284;0
238.376;0
vMx
FT
238.468;0
238.56;0
238.649;0
238.73;0
238.828;0
238.918;0
239.005;0
239.096;0
239.185;0
239.272;0
239.361;0
239.452;0
239.541;0
239.629;0
239.721;0
239.818;0
239.903;0
Mn
239.994;0
240.078;0
Mx
240.174;0
Mn
240.26;0
240.352;0
240.443;0
240.532;0
240.617;0
240.709;0
240.8;0
240.886;0
240.978;0
241.065;0
241.16;0
241.247;0
241.338;0
241.424;0
vMx
FA
241.519;0
241.608;0
241.693;0
241.785;0
241.874;0
241.96;0
242.059;0
242.147;0
242.237;0
242.323;0
242.415;0
242.505;0
242.597;0
242.688;0
242.77;0
242.861;0
242.95;0
Mn
243.04;0
243.132;0
243.224;0
243.315;0
243.403;0
243.492;0
243.576;0
243.67;0
243.76;0
243.847;0
243.946;0
244.032;0
vMx
FA
244.116;0
244.213;0
244.297;0
244.386;0
244.475;0
244.567;0
244.654;0
244.746;0
244.837;0
244.928;0
245.017;0
245.106;0
245.191;0
245.285;0
245.381;0
245.471;0
245.561;0
245.648;0
245.733;0
245.823;0
245.915;0
246.001;0
246.094;0
246.188;0
Mn
246.272;0
246.367;0
246.45;0
246.539;0
246.641;0
246.727;0
246.806;0
246.905;0
246.993;0
247.08;0
247.171;0
247.264;0
247.354;0
vMx
FT
247.439;0
247.528;0
247.617;0
247.715;0
247.811;0
247.887;0
247.984;0
248.075;0
248.159;0
248.252;0
248.34;0
248.424;0
248.518;0
248.614;0
248.693;0
248.781;0
248.876;0
248.964;0
Mn
249.058;0
249.146;0
249.229;0
249.324;0
249.414;0
249.508;0
249.589;0
249.684;0
249.771;0
249.867;0
249.957;0
250.036;0
250.134;0
250.225;0
250.312;0
250.402;0
vMx
250.494;1
250.579;2
250.678;2
250.762;2
250.85;3
250.937;3
251.028;3
251.118;3
251.21;4
251.299;4
251.388;4
251.479;5
251.57;5
251.66;5
251.751;6
251.838;6
251.925;6
252.015;6
FA
252.109;0
252.198;0
252.285;0
252.38;0
Mn
252.471;0
252.555;0
252.65;0
252.737;0
252.831;0
252.919;0
252.998;0
253.093;0
253.185;0
253.274;0
253.36;0
253.451;0
253.538;0
253.629;0
vMx
253.728;1
253.819;2
253.907;2
253.994;2
254.082;2
254.17;3
254.26;3
254.35;3
FA
254.44;0
254.53;0
254.617;0
254.711;0
254.798;0
254.885;0
254.978;0
255.07;0
255.158;0
255.248;0
255.345;0
255.425;0
255.519;0
Mn
255.613;0
255.697;0
255.787;0
255.876;0
255.962;0
256.057;0
256.146;0
256.236;0
256.325;0
256.421;0
256.506;0
256.595;0
vMx
256.683;1
256.772;2
256.864;2
256.955;2
257.048;3
257.134;3
257.222;3
257.309;4
257.401;4
257.496;4
257.579;4
257.673;5
257.768;5
257.845;5
257.949;6
258.035;6
258.124;6
258.211;7
Mn
258.299;7
258.393;7
FA
258.479;0
258.567;0
258.665;0
258.751;0
258.841;0
258.922;0
259.019;0
259.107;0
259.194;0
259.288;0
259.38;0
259.461;0
259.555;0
259.644;0
259.735;0
vMx
FA
259.826;0
259.913;0
260.007;0
260.098;0
260.186;0
260.28;0
260.367;0
260.46;0
260.539;0
260.63;0
260.721;0
260.81;0
260.9;0
260.992;0
261.079;0
261.167;0
261.261;0
261.345;0
261.436;0
261.538;0
261.618;0
261.719;0
tMax1.6534e+06ns;tMean185858ns;tStd33854ns