BruMi-20210606-083243_clean.csv;0;75
9.321
9.403
9.492
9.573
9.656
fc0.33fs12.1951a0.15601
9.737
9.824
9.908
9.992
10.077
10.167
10.248
10.331
10.418
10.499
10.584
10.665
10.752
10.837
10.92
11.003
11.091
11.177
11.26
11.345
11.425
11.512
11.594
11.675
11.766
11.846
11.927
12.019
12.103
12.181
12.27
12.353
12.433
12.52
12.601
12.692
12.775
12.863
12.943
13.028
13.115
13.192
13.283
13.368
13.447
13.532
13.62
13.704
13.798
13.877
13.958
14.042
14.125
14.204
14.292
14.381
14.459
14.545
14.631
14.708
14.797
14.885
14.965
15.053
15.138
15.218
15.302
15.398
15.477
15.557
15.638
15.724
15.809
15.894
15.979
16.068
16.148
16.233
16.323
16.402
16.488
16.573
16.655
16.734
16.834
16.91
16.987
17.074
17.158
17.249
17.332
17.415
17.496
17.579
17.669
17.751
17.833
17.918
18.006
18.09
18.171
18.253
18.34
18.428
18.509
18.587
18.677
18.761
18.849
18.933
19.012
19.096
19.184
PRS:9.321;16.068;9.321;0.0981933
vMx
FT
19.271;0
19.361;0
19.436;0
19.522;0
19.609;0
19.694;0
19.776;0
19.861;0
19.941;0
20.033;0
Mn
20.112;0
20.196;0
20.282;0
20.369;0
20.457;0
20.532;0
20.618;0
20.703;0
20.786;0
20.875;0
20.956;0
21.037;0
21.124;0
21.21;0
21.3;0
21.372;0
vMx
FT
21.471;0
21.553;0
21.638;0
21.716;0
21.795;0
21.887;0
21.968;0
22.051;0
22.134;0
22.232;0
22.304;0
Mn
22.394;0
22.474;0
Mx
22.558;0
22.644;0
Mn
22.729;0
22.811;0
Mx
22.903;0
Mn
22.975;0
23.063;0
23.148;0
23.237;0
Mx
23.319;0
23.405;0
23.49;0
23.572;0
23.654;0
23.736;0
23.819;0
23.904;0
23.998;0
24.076;0
24.162;0
24.248;0
24.333;0
Mn
24.417;0
24.504;0
24.589;0
24.668;0
24.752;0
24.84;0
24.916;0
25.002;0
25.085;0
25.179;0
25.255;0
25.341;0
25.424;0
vMx
FT
25.513;0
25.592;0
25.68;0
25.765;0
25.853;0
25.939;0
26.022;0
26.105;0
26.185;0
26.267;0
26.351;0
26.44;0
Mn
26.523;0
26.606;0
26.7;0
26.783;0
Mx
26.858;0
26.943;0
27.028;0
27.111;0
27.202;0
27.285;0
27.362;0
27.45;0
27.534;0
27.616;0
27.703;0
27.786;0
27.871;0
Mn
27.957;0
28.04;0
28.126;0
28.212;0
28.292;0
28.378;0
28.47;0
28.545;0
28.626;0
28.716;0
28.8;0
28.886;0
28.974;0
29.055;0
29.139;0
29.222;0
29.311;0
29.392;0
29.47;0
29.562;0
29.644;0
29.729;0
29.807;0
29.898;0
29.978;0
30.067;0
vMx
30.143;1
30.24;1
30.319;1
30.403;2
30.488;2
30.575;2
30.654;2
30.74;2
FA
30.824;0
30.906;0
30.992;0
31.08;0
31.172;0
31.247;0
31.33;0
31.421;0
31.498;0
31.586;0
31.665;0
Mn
31.763;0
31.847;0
31.922;0
32.007;0
32.09;0
32.176;0
32.259;0
32.344;0
32.428;0
32.515;0
32.598;0
32.681;0
32.763;0
32.85;0
32.933;0
vMx
FT
33.014;0
33.111;0
33.192;0
33.276;0
33.354;0
33.449;0
Mn
33.529;0
33.613;0
33.692;0
33.781;0
33.871;0
33.949;0
34.032;0
34.111;0
34.203;0
34.284;0
34.368;0
34.457;0
34.545;0
34.628;0
34.705;0
34.791;0
vMx
FT
34.878;0
34.963;0
35.048;0
35.131;0
35.211;0
35.294;0
35.379;0
35.461;0
35.547;0
35.634;0
35.716;0
35.805;0
35.886;0
35.971;0
36.058;0
36.146;0
36.219;0
36.308;0
36.394;0
36.474;0
36.562;0
36.644;0
36.724;0
36.812;0
36.896;0
36.98;0
37.069;0
37.151;0
37.239;0
37.322;0
37.405;0
37.486;0
37.573;0
37.658;0
37.735;0
37.828;0
Mn
37.91;0
37.998;0
Mx
38.082;0
38.165;0
38.249;0
38.337;0
38.422;0
38.502;0
38.584;0
38.668;0
38.753;0
38.841;0
38.926;0
39.01;0
39.092;0
39.177;0
39.257;0
39.345;0
39.432;0
39.516;0
39.6;0
39.681;0
39.762;0
39.855;0
39.945;0
40.02;0
40.1;0
40.192;0
40.279;0
40.359;0
Mn
40.451;0
40.528;0
40.61;0
40.695;0
40.776;0
40.863;0
40.95;0
41.035;0
41.112;0
41.2;0
41.285;0
41.367;0
41.457;0
Mx
41.541;0
41.619;0
41.707;0
41.788;0
41.878;0
41.97;0
42.047;0
42.128;0
42.215;0
42.295;0
42.38;0
42.467;0
42.55;0
42.635;0
42.717;0
42.797;0
42.882;0
42.969;0
43.06;0
43.143;0
43.223;0
43.306;0
43.394;0
43.478;0
43.559;0
43.645;0
43.735;0
43.827;0
Mn
43.909;0
43.987;0
44.067;0
44.154;0
44.239;0
44.319;0
44.407;0
44.489;0
44.571;0
44.666;0
44.752;0
44.828;0
44.912;0
44.996;0
Mx
45.08;0
45.165;0
45.256;0
45.329;0
45.417;0
45.502;0
45.582;0
45.67;0
45.755;0
45.839;0
45.923;0
46.01;0
46.089;0
46.178;0
46.258;0
46.344;0
46.429;0
46.518;0
46.603;0
46.681;0
46.775;0
46.857;0
Mn
46.932;0
47.017;0
47.108;0
47.19;0
47.278;0
47.355;0
47.441;0
47.53;0
47.61;0
47.698;0
47.779;0
47.867;0
47.948;0
48.036;0
48.116;0
Mx
48.201;0
48.291;0
48.375;0
48.457;0
48.541;0
48.62;0
48.706;0
48.788;0
48.872;0
48.96;0
49.047;0
49.126;0
49.212;0
49.301;0
49.38;0
49.464;0
49.551;0
49.635;0
49.721;0
49.807;0
49.894;0
Mn
49.982;0
50.058;0
Mx
50.138;0
50.227;0
50.312;0
50.394;0
50.477;0
50.563;0
50.651;0
50.73;0
Mn
50.812;0
50.903;0
50.992;0
51.073;0
51.15;0
51.241;0
51.327;0
51.406;0
51.486;0
51.578;0
51.665;0
51.741;0
51.827;0
51.908;0
51.998;0
52.078;0
52.167;0
52.254;0
52.337;0
52.413;0
52.499;0
52.584;0
52.665;0
52.754;0
Mx
52.838;0
52.92;0
53.009;0
53.091;0
53.176;0
53.264;0
53.339;0
53.426;0
53.513;0
53.595;0
53.686;0
53.761;0
53.858;0
53.93;0
54.018;0
54.1;0
54.186;0
54.269;0
55.194;0
Mn
55.269;0
55.356;0
55.438;0
55.526;0
55.618;0
55.694;0
55.779;0
55.86;0
55.951;0
Mx
56.033;0
56.115;0
56.2;0
56.283;0
56.368;0
56.453;0
56.536;0
56.622;0
56.704;0
56.792;0
56.878;0
56.961;0
57.047;0
57.131;0
57.218;0
57.295;0
57.385;0
57.466;0
57.554;0
Mn
57.641;0
Mx
57.732;0
57.803;0
57.896;0
Mn
57.977;0
Mx
58.055;0
Mn
58.141;0
58.225;0
58.314;0
Mx
58.394;0
58.477;0
58.562;0
58.648;0
58.734;0
58.812;0
58.903;0
58.983;0
59.071;0
59.164;0
59.248;0
59.32;0
59.409;0
Mn
59.493;0
59.579;0
59.665;0
59.742;0
59.827;0
59.915;0
59.995;0
60.086;0
60.164;0
60.254;0
60.335;0
60.426;0
Mx
60.52;0
60.589;0
Mn
60.672;0
60.756;0
60.847;0
60.935;0
Mx
61.01;0
61.1;0
61.186;0
61.267;0
61.349;0
61.43;0
61.517;0
61.603;0
61.684;0
61.777;0
61.855;0
61.947;0
62.033;0
62.11;0
62.202;0
62.277;0
62.36;0
62.445;0
62.529;0
Mn
62.613;0
62.698;0
62.785;0
62.871;0
62.954;0
63.039;0
63.124;0
63.206;0
63.294;0
63.375;0
63.464;0
63.542;0
63.628;0
Mx
63.71;0
63.802;0
63.879;0
63.967;0
64.061;0
64.132;0
64.224;0
64.309;0
64.387;0
64.474;0
64.555;0
64.639;0
64.725;0
64.823;0
64.895;0
64.986;0
65.06;0
65.149;0
Mn
65.234;0
65.316;0
65.398;0
65.482;0
65.567;0
65.651;0
65.737;0
65.826;0
65.914;0
65.986;0
66.078;0
Mx
66.16;0
66.246;0
66.329;0
66.411;0
66.497;0
66.583;0
66.667;0
66.751;0
66.835;0
66.917;0
67.007;0
67.09;0
67.174;0
67.253;0
67.34;0
67.419;0
67.505;0
Mn
67.593;0
67.679;0
67.761;0
67.847;0
67.935;0
68.016;0
68.106;0
68.191;0
68.267;0
68.359;0
68.437;0
Mx
68.527;0
68.609;0
68.692;0
68.773;0
68.86;0
68.939;0
69.023;0
69.113;0
69.195;0
69.285;0
69.361;0
69.45;0
69.548;0
69.625;0
69.701;0
69.794;0
69.869;0
69.952;0
70.037;0
Mn
70.121;0
70.204;0
70.289;0
70.373;0
70.454;0
70.539;0
70.625;0
70.707;0
70.792;0
70.888;0
70.963;0
Mx
71.054;0
71.134;0
71.214;0
71.301;0
71.392;0
71.472;0
71.555;0
71.638;0
71.723;0
71.812;0
71.889;0
71.975;0
72.058;0
72.141;0
72.228;0
72.312;0
72.395;0
72.484;0
72.57;0
72.659;0
72.742;0
Mn
72.827;0
72.905;0
72.988;0
73.08;0
73.16;0
73.239;0
73.33;0
73.407;0
73.493;0
73.576;0
73.667;0
73.744;0
73.828;0
Mx
73.914;0
74.004;0
74.087;0
74.169;0
74.256;0
74.347;0
74.428;0
74.505;0
74.595;0
74.682;0
74.762;0
74.842;0
74.933;0
75.021;0
75.096;0
75.185;0
75.264;0
75.356;0
Mn
75.431;0
75.518;0
75.617;0
75.705;0
75.782;0
75.86;0
75.947;0
76.025;0
76.109;0
Mx
76.194;0
76.276;0
Mn
76.365;0
76.451;0
76.53;0
Mx
76.616;0
76.703;0
76.792;0
76.87;0
76.959;0
77.038;0
77.124;0
77.219;0
77.298;0
77.383;0
77.471;0
77.548;0
77.63;0
77.722;0
77.806;0
77.888;0
77.975;0
78.059;0
78.14;0
Mn
78.224;0
78.315;0
78.39;0
78.479;0
78.561;0
78.646;0
78.735;0
78.814;0
78.903;0
78.992;0
79.068;0
79.157;0
Mx
79.237;0
79.318;0
79.402;0
79.496;0
79.576;0
79.657;0
79.742;0
79.823;0
79.917;0
79.994;0
80.077;0
80.166;0
80.244;0
80.331;0
80.418;0
80.503;0
80.586;0
80.673;0
80.76;0
Mn
80.842;0
80.932;0
81.012;0
81.1;0
81.185;0
81.271;0
81.349;0
81.434;0
81.521;0
81.599;0
81.684;0
81.769;0
Mx
81.855;0
81.937;0
82.023;0
82.105;0
82.198;0
82.277;0
82.358;0
82.443;0
82.527;0
82.607;0
82.699;0
82.78;0
82.866;0
82.947;0
83.032;0
83.117;0
83.201;0
83.287;0
83.374;0
83.461;0
83.548;0
Mn
83.623;0
83.706;0
83.798;0
83.883;0
83.963;0
84.044;0
84.13;0
84.218;0
84.297;0
84.38;0
84.464;0
Mx
84.55;0
84.639;0
84.726;0
84.803;0
84.893;0
84.974;0
85.061;0
85.141;0
85.233;0
85.313;0
85.393;0
85.481;0
85.569;0
85.648;0
85.725;0
85.814;0
Mn
85.901;0
85.985;0
86.068;0
86.156;0
86.239;0
86.323;0
86.402;0
86.492;0
86.581;0
Mx
86.661;0
86.744;0
86.829;0
86.917;0
86.993;0
87.08;0
87.166;0
87.25;0
87.334;0
87.421;0
87.496;0
87.585;0
87.674;0
87.758;0
87.847;0
87.925;0
88.008;0
88.095;0
88.181;0
Mn
88.263;0
88.347;0
88.427;0
88.515;0
88.601;0
88.681;0
88.766;0
88.856;0
88.939;0
89.025;0
89.113;0
89.196;0
Mx
89.278;0
89.359;0
89.444;0
89.526;0
89.61;0
89.695;0
89.783;0
89.865;0
89.946;0
90.029;0
90.116;0
90.204;0
90.293;0
90.374;0
90.465;0
90.546;0
90.62;0
Mn
90.706;0
90.794;0
90.876;0
90.957;0
91.042;0
91.129;0
91.216;0
91.3;0
91.383;0
91.469;0
91.55;0
Mx
91.634;0
91.719;0
91.803;0
91.889;0
91.982;0
92.058;0
92.142;0
92.226;0
92.309;0
92.398;0
92.479;0
92.557;0
92.641;0
92.731;0
92.815;0
92.904;0
92.99;0
93.065;0
Mn
93.147;0
93.231;0
93.319;0
93.402;0
93.493;0
93.57;0
93.671;0
93.743;0
93.824;0
93.908;0
93.989;0
94.078;0
Mx
94.166;0
94.248;0
94.332;0
94.422;0
94.505;0
Mn
94.583;0
94.663;0
94.753;0
94.836;0
Mx
94.92;0
95.001;0
95.086;0
95.173;0
95.254;0
95.339;0
95.424;0
95.511;0
95.598;0
95.675;0
Mn
95.759;0
95.845;0
95.936;0
96.013;0
96.098;0
96.181;0
96.266;0
96.358;0
96.435;0
96.524;0
96.608;0
96.691;0
Mx
96.771;0
96.859;0
96.948;0
97.029;0
97.121;0
97.201;0
97.28;0
97.369;0
97.45;0
97.537;0
97.618;0
97.703;0
97.786;0
97.87;0
97.953;0
98.037;0
98.124;0
98.21;0
Mn
98.29;0
98.384;0
98.463;0
98.544;0
98.63;0
98.724;0
98.795;0
98.881;0
98.967;0
99.049;0
99.138;0
99.218;0
Mx
99.303;0
99.387;0
99.47;0
99.562;0
99.639;0
99.734;0
99.812;0
99.895;0
99.98;0
100.062;0
100.153;0
100.245;0
100.322;0
100.414;0
100.485;0
100.57;0
100.651;0
100.738;0
100.822;0
100.905;0
100.989;0
101.074;0
101.163;0
101.243;0
101.325;0
101.409;0
Mn
101.494;0
101.583;0
101.667;0
101.747;0
101.834;0
101.928;0
102.004;0
102.084;0
102.169;0
102.256;0
102.338;0
102.426;0
102.508;0
102.597;0
102.675;0
102.761;0
Mx
102.844;0
102.935;0
103.019;0
103.096;0
103.182;0
103.269;0
103.349;0
103.436;0
103.521;0
103.602;0
103.694;0
103.771;0
103.856;0
103.943;0
104.035;0
Mn
104.109;0
104.194;0
104.286;0
104.364;0
104.453;0
104.542;0
104.622;0
104.702;0
104.788;0
104.871;0
104.952;0
105.038;0
105.121;0
105.211;0
Mx
105.295;0
105.377;0
105.467;0
105.546;0
105.63;0
105.718;0
105.8;0
105.882;0
105.969;0
106.057;0
106.141;0
106.23;0
106.307;0
106.39;0
106.471;0
106.562;0
Mn
106.656;0
106.734;0
106.812;0
106.9;0
106.982;0
107.065;0
107.152;0
107.237;0
107.324;0
107.401;0
107.489;0
107.576;0
107.667;0
107.749;0
107.832;0
107.909;0
107.996;0
108.076;0
108.163;0
108.253;0
108.336;0
108.416;0
108.504;0
vMx
FT
108.583;0
108.673;0
108.754;0
108.841;0
108.922;0
109.007;0
109.092;0
109.182;0
109.264;0
109.35;0
109.434;0
109.514;0
109.597;0
109.682;0
Mn
109.768;0
109.854;0
109.939;0
110.024;0
110.107;0
110.187;0
110.271;0
110.354;0
110.44;0
110.53;0
110.614;0
vMx
FT
110.696;0
110.78;0
110.866;0
110.946;0
111.033;0
111.114;0
111.201;0
111.297;0
111.371;0
111.455;0
111.535;0
111.622;0
111.709;0
111.796;0
111.881;0
111.962;0
112.045;0
112.13;0
112.223;0
112.296;0
112.386;0
112.473;0
112.553;0
112.639;0
112.716;0
112.806;0
112.889;0
Mn
112.97;0
113.058;0
113.144;0
113.225;0
113.308;0
113.396;0
113.476;0
113.564;0
113.647;0
113.729;0
113.814;0
113.899;0
113.986;0
114.069;0
vMx
FT
114.164;0
114.235;0
114.329;0
114.406;0
114.495;0
114.581;0
114.665;0
114.743;0
114.827;0
114.911;0
115;0
115.08;0
115.166;0
115.262;0
115.334;0
115.415;0
115.503;0
115.591;0
115.671;0
115.751;0
Mn
115.84;0
115.922;0
116.011;0
116.094;0
116.177;0
116.261;0
116.343;0
116.428;0
116.511;0
116.596;0
116.684;0
116.764;0
vMx
116.85;1
FA
116.945;0
117.023;0
117.11;0
117.187;0
117.279;0
117.359;0
117.45;0
117.529;0
117.617;0
117.695;0
117.777;0
117.861;0
117.946;0
118.031;0
118.113;0
118.202;0
118.283;0
118.368;0
118.456;0
118.537;0
118.619;0
118.707;0
118.791;0
118.874;0
118.963;0
119.044;0
119.132;0
119.216;0
119.294;0
119.387;0
119.467;0
Mn
119.551;0
119.643;0
119.72;0
119.803;0
119.884;0
119.976;0
120.061;0
120.142;0
120.228;0
vMx
FT
120.305;0
120.396;0
120.48;0
120.56;0
120.644;0
120.727;0
120.817;0
120.897;0
120.99;0
121.064;0
121.157;0
121.232;0
121.323;0
121.406;0
121.492;0
121.574;0
121.661;0
121.744;0
121.824;0
Mn
121.908;0
121.998;0
122.08;0
122.172;0
122.246;0
122.34;0
122.418;0
122.498;0
122.593;0
122.67;0
122.755;0
vMx
FT
122.835;0
122.919;0
123.018;0
123.092;0
123.177;0
123.258;0
123.348;0
123.427;0
123.514;0
123.597;0
123.68;0
123.769;0
123.855;0
123.935;0
124.017;0
124.102;0
124.189;0
124.275;0
124.357;0
124.442;0
Mn
124.523;0
124.609;0
124.697;0
124.78;0
124.863;0
124.946;0
125.033;0
125.12;0
125.198;0
125.283;0
125.369;0
125.453;0
125.538;0
vMx
125.622;1
FA
125.704;0
125.791;0
125.876;0
125.971;0
126.046;0
126.131;0
126.213;0
126.297;0
126.378;0
126.477;0
126.552;0
126.63;0
126.717;0
126.811;0
126.887;0
126.97;0
127.052;0
127.138;0
127.226;0
Mn
127.314;0
127.389;0
127.482;0
127.56;0
127.645;0
127.734;0
127.816;0
127.9;0
127.984;0
128.066;0
128.149;0
128.235;0
vMx
128.317;1
128.409;2
128.488;2
128.571;2
128.667;3
128.747;3
128.826;3
128.908;4
129.002;4
129.076;4
129.162;5
129.248;5
129.337;5
129.418;6
129.501;6
129.588;6
129.668;6
129.75;7
129.836;7
129.927;7
130.008;8
FA
130.088;0
Mn
130.182;0
130.262;0
130.349;0
130.427;0
130.517;0
130.595;0
130.677;0
130.765;0
130.857;0
130.942;0
131.016;0
vMx
131.1;1
131.194;2
131.278;2
131.355;2
131.436;3
131.521;3
131.609;3
131.692;4
131.782;4
131.868;4
131.953;4
132.029;5
132.115;5
132.198;5
132.283;6
132.368;6
132.451;6
132.537;7
132.622;7
132.702;7
Mn
132.795;7
132.87;8
132.966;8
133.047;8
133.135;9
133.216;9
133.295;9
FA
133.379;0
133.464;0
133.545;0
133.631;0
133.716;0
133.801;0
133.883;0
133.965;0
134.051;0
134.138;0
134.222;0
134.307;0
134.388;0
vMx
FA
134.475;0
134.562;0
134.643;0
134.726;0
134.812;0
134.894;0
134.98;0
135.066;0
135.152;0
135.23;0
135.317;0
135.404;0
135.488;0
135.573;0
135.657;0
135.752;0
Mn
135.84;0
135.922;0
135.996;0
136.077;0
136.171;0
136.244;0
136.337;0
136.412;0
136.507;0
136.585;0
136.667;0
136.753;0
136.834;0
136.918;0
137.003;0
137.088;0
137.175;0
137.263;0
137.344;0
137.425;0
137.513;0
137.596;0
137.678;0
137.762;0
137.852;0
137.933;0
138.028;0
vMx
FA
138.112;0
138.191;0
138.278;0
138.356;0
138.442;0
138.53;0
138.606;0
138.694;0
138.776;0
138.865;0
138.944;0
139.031;0
139.119;0
139.2;0
139.287;0
139.369;0
139.455;0
139.539;0
139.622;0
139.706;0
139.79;0
139.875;0
139.957;0
140.044;0
140.125;0
140.211;0
140.296;0
140.386;0
140.47;0
140.55;0
140.633;0
140.721;0
140.8;0
140.89;0
140.974;0
141.058;0
141.139;0
141.229;0
141.306;0
141.392;0
141.478;0
141.561;0
141.653;0
141.738;0
141.813;0
141.899;0
141.984;0
142.07;0
Mn
142.155;0
142.239;0
142.324;0
142.41;0
142.494;0
142.576;0
142.663;0
142.743;0
142.828;0
142.912;0
142.997;0
143.08;0
143.168;0
143.257;0
143.337;0
143.422;0
143.505;0
143.587;0
Mx
143.676;0
143.768;0
Mn
143.839;0
143.927;0
144.013;0
144.096;0
144.181;0
144.265;0
Mx
144.345;0
144.433;0
Mn
144.515;0
144.603;0
Mx
144.692;0
144.775;0
144.852;0
Mn
144.938;0
145.023;0
145.105;0
145.196;0
145.285;0
145.36;0
145.445;0
145.528;0
Mx
145.618;0
145.699;0
145.779;0
Mn
145.866;0
145.953;0
146.035;0
146.12;0
Mx
146.205;0
146.291;0
146.373;0
146.461;0
146.548;0
Mn
146.626;0
146.708;0
146.799;0
146.884;0
146.966;0
147.049;0
Mx
147.13;0
147.218;0
147.302;0
147.383;0
147.464;0
147.557;0
147.639;0
147.724;0
147.805;0
147.888;0
147.984;0
148.059;0
148.144;0
148.223;0
148.308;0
148.397;0
148.478;0
148.563;0
148.644;0
Mn
148.734;0
148.824;0
148.898;0
148.986;0
149.068;0
149.151;0
149.24;0
149.322;0
149.408;0
149.503;0
149.577;0
Mx
149.664;0
149.746;0
149.83;0
149.909;0
Mn
149.996;0
150.081;0
150.164;0
150.247;0
Mx
150.338;0
150.417;0
150.502;0
150.589;0
150.671;0
Mn
150.755;0
150.837;0
Mx
150.926;0
151.008;0
151.09;0
151.176;0
151.266;0
151.354;0
151.428;0
151.512;0
151.6;0
151.683;0
151.767;0
151.853;0
151.943;0
152.016;0
152.101;0
152.187;0
152.273;0
152.356;0
152.442;0
152.522;0
152.606;0
Mn
152.691;0
152.781;0
152.871;0
152.949;0
153.035;0
153.114;0
153.203;0
153.282;0
153.366;0
153.452;0
153.536;0
153.621;0
153.708;0
153.789;0
153.873;0
153.958;0
154.041;0
154.126;0
154.214;0
154.3;0
154.378;0
154.462;0
154.548;0
154.637;0
154.715;0
154.806;0
154.892;0
154.967;0
155.052;0
155.139;0
155.22;0
155.307;0
155.388;0
vMx
FT
155.48;0
155.558;0
155.642;0
155.727;0
155.813;0
155.902;0
155.979;0
156.07;0
156.149;0
156.232;0
156.32;0
156.402;0
156.486;0
156.571;0
156.653;0
156.742;0
156.827;0
156.913;0
156.991;0
157.075;0
157.162;0
157.25;0
157.338;0
157.414;0
157.497;0
157.582;0
157.667;0
157.755;0
157.834;0
157.927;0
158.004;0
Mn
158.088;0
158.182;0
158.265;0
158.343;0
158.426;0
158.509;0
158.6;0
158.685;0
158.763;0
158.849;0
158.932;0
159.016;0
vMx
FT
159.1;0
159.189;0
159.273;0
159.356;0
159.438;0
159.53;0
159.606;0
159.699;0
159.783;0
159.859;0
159.953;0
160.028;0
160.112;0
160.197;0
160.284;0
160.368;0
160.453;0
160.533;0
160.625;0
160.71;0
160.79;0
160.872;0
160.957;0
161.042;0
161.132;0
161.214;0
161.307;0
Mn
161.382;0
Mx
161.464;0
161.553;0
161.639;0
161.716;0
Mn
161.806;0
161.892;0
161.971;0
162.059;0
162.141;0
162.224;0
162.312;0
162.391;0
162.486;0
162.569;0
162.651;0
162.737;0
vMx
162.817;1
162.898;1
162.982;2
163.072;2
163.155;2
163.236;2
163.324;3
163.405;3
163.496;3
163.575;3
163.658;3
163.741;4
163.827;4
163.916;4
164.008;4
164.078;5
164.169;5
164.248;5
164.333;5
164.423;6
164.505;6
164.584;6
164.675;6
164.76;6
164.84;7
164.925;7
165.008;7
165.091;7
165.176;8
165.262;8
165.347;8
Mn
165.432;8
FA
165.513;0
165.599;0
165.683;0
165.768;0
165.852;0
165.936;0
166.019;0
166.108;0
166.192;0
166.279;0
166.357;0
166.444;0
vMx
166.524;1
166.61;1
166.703;2
166.786;2
166.868;2
166.953;2
167.039;3
167.118;3
167.202;3
167.285;3
167.376;4
167.454;4
167.544;4
167.632;4
167.711;4
167.799;5
167.874;5
167.964;5
168.05;5
168.127;6
168.22;6
168.306;6
168.384;6
168.469;6
168.553;7
Mn
168.638;7
168.726;7
FA
168.814;0
168.895;0
168.974;0
169.062;0
169.147;0
169.229;0
169.312;0
169.399;0
169.488;0
169.568;0
vMx
169.651;1
169.735;2
169.822;2
169.905;2
169.989;2
170.074;3
170.16;3
170.244;3
170.328;3
170.411;4
170.497;4
170.585;4
170.665;5
170.751;5
170.835;5
170.918;5
171.004;6
171.095;6
171.171;6
171.258;6
171.342;7
171.422;7
Mn
171.51;7
171.593;8
171.679;8
171.768;8
171.847;8
171.934;9
172.017;9
172.102;9
172.182;9
172.275;10
172.363;10
FA
172.435;0
172.522;0
172.608;0
172.69;0
172.783;0
172.866;0
172.941;0
173.027;0
173.116;0
173.2;0
173.284;0
173.366;0
173.451;0
173.531;0
173.626;0
173.713;0
173.795;0
173.88;0
173.961;0
174.041;0
174.129;0
174.212;0
174.295;0
174.38;0
174.47;0
vMx
FT
174.546;0
174.641;0
Mn
174.714;0
174.8;0
174.887;0
vMx
FT
174.968;0
175.062;0
175.14;0
175.221;0
175.31;0
175.393;0
175.474;0
175.566;0
175.645;0
175.726;0
175.824;0
175.9;0
175.979;0
176.069;0
176.153;0
176.233;0
176.32;0
176.407;0
176.486;0
176.575;0
176.666;0
176.742;0
176.834;0
176.907;0
176.99;0
Mn
177.081;0
177.162;0
177.251;0
177.333;0
177.413;0
177.499;0
177.58;0
177.672;0
177.752;0
177.836;0
vMx
FT
177.92;0
178.008;0
178.084;0
178.175;0
178.261;0
178.348;0
178.43;0
178.514;0
178.595;0
178.68;0
178.763;0
178.85;0
178.935;0
179.021;0
179.098;0
179.184;0
179.273;0
179.357;0
179.441;0
179.53;0
179.611;0
179.694;0
179.774;0
179.861;0
179.947;0
180.028;0
Mn
180.113;0
180.202;0
180.279;0
180.37;0
180.45;0
180.538;0
180.618;0
180.705;0
180.785;0
180.873;0
180.963;0
181.04;0
vMx
FA
181.126;0
181.215;0
181.293;0
181.373;0
181.464;0
181.545;0
181.627;0
181.718;0
181.8;0
181.883;0
181.965;0
182.05;0
182.133;0
182.221;0
182.304;0
182.388;0
182.476;0
182.553;0
182.642;0
Mn
182.727;0
182.811;0
182.896;0
182.98;0
183.064;0
183.148;0
183.238;0
183.318;0
183.403;0
183.49;0
183.567;0
vMx
183.654;2
183.734;2
183.818;2
183.903;3
183.988;3
184.072;3
184.162;4
184.244;4
184.326;4
184.41;5
184.494;5
184.578;5
184.662;6
184.755;6
184.837;6
Mn
184.918;7
185.002;7
FA
185.085;0
185.174;0
185.252;0
185.341;0
185.428;0
185.509;0
185.589;0
185.681;0
185.764;0
185.847;0
185.938;0
vMx
186.014;2
186.101;2
186.181;2
186.265;3
186.349;3
186.431;3
186.517;4
186.606;4
186.688;4
186.771;5
186.862;5
186.944;6
187.024;6
187.108;6
187.193;7
187.282;7
Mn
187.358;7
FA
187.447;0
187.53;0
187.615;0
187.703;0
187.781;0
187.868;0
187.95;0
188.036;0
188.12;0
188.218;0
188.287;0
vMx
188.375;2
188.464;2
188.546;2
188.626;3
188.713;3
188.797;3
188.881;4
188.966;4
189.047;4
189.13;5
189.22;5
189.304;5
189.386;6
189.468;6
189.555;7
Mn
189.644;7
189.724;7
189.807;8
189.889;8
189.975;8
190.059;9
190.147;9
190.234;9
190.312;10
190.399;10
190.481;10
vMx
190.568;2
190.648;2
190.734;2
190.82;3
190.901;3
FA
190.992;0
191.074;0
191.155;0
191.242;0
191.336;0
191.41;0
191.494;0
191.589;0
191.663;0
191.747;0
191.832;0
191.918;0
Mn
192;0
192.086;0
192.177;0
192.254;0
192.338;0
192.42;0
192.514;0
192.595;0
192.674;0
vMx
192.76;2
192.844;2
192.927;2
193.013;3
193.103;3
193.184;4
193.268;4
FA
193.354;0
Mn
193.434;0
193.528;0
Mx
193.614;0
193.685;0
Mn
193.775;0
Mx
193.856;0
193.94;0
194.026;0
194.111;0
194.195;0
194.281;0
194.361;0
Mn
194.448;0
194.536;0
194.615;0
194.701;0
194.784;0
Mx
194.869;0
194.958;0
195.039;0
195.125;0
195.205;0
195.29;0
195.379;0
195.462;0
195.546;0
195.631;0
195.712;0
195.797;0
195.886;0
Mn
195.965;0
196.049;0
196.138;0
196.221;0
196.31;0
196.394;0
196.47;0
196.558;0
196.645;0
196.729;0
196.816;0
196.898;0
196.98;0
197.07;0
197.153;0
197.233;0
197.32;0
197.402;0
197.486;0
197.577;0
vMx
FT
197.66;0
Mn
197.738;0
197.831;0
197.91;0
vMx
FT
197.992;0
198.078;0
198.162;0
198.244;0
198.329;0
198.419;0
198.499;0
198.586;0
198.674;0
198.749;0
198.838;0
198.921;0
199.007;0
199.093;0
199.175;0
199.259;0
199.345;0
199.424;0
199.516;0
199.597;0
199.68;0
199.768;0
199.853;0
199.935;0
Mn
200.021;0
200.104;0
200.186;0
200.272;0
200.361;0
200.442;0
200.519;0
200.608;0
200.703;0
200.776;0
200.865;0
vMx
FT
200.948;0
201.029;0
201.118;0
201.208;0
201.281;0
201.375;0
201.453;0
201.54;0
201.626;0
201.705;0
201.79;0
201.878;0
201.961;0
202.042;0
202.131;0
202.22;0
202.295;0
202.377;0
Mn
202.47;0
202.551;0
202.636;0
202.724;0
202.804;0
202.89;0
202.974;0
203.059;0
203.141;0
203.229;0
203.309;0
203.397;0
vMx
203.482;2
203.567;2
203.65;2
203.732;3
203.816;3
203.901;3
203.988;4
204.069;4
204.154;4
204.243;5
204.32;5
204.418;5
204.49;6
204.574;6
204.664;6
204.751;7
204.828;7
204.915;7
205.001;8
Mn
205.085;8
205.168;8
205.25;9
205.332;9
205.415;9
205.506;10
205.59;10
205.676;10
205.761;1
205.841;1
205.926;1
vMx
206.013;2
206.096;2
206.18;2
206.265;3
206.35;3
206.434;3
206.515;4
206.599;4
206.686;4
206.768;5
206.853;5
206.939;5
207.025;6
FA
207.108;0
207.192;0
Mn
207.28;0
207.366;0
207.443;0
207.533;0
207.616;0
207.701;0
207.786;0
207.864;0
207.954;0
208.036;0
vMx
208.121;2
208.205;2
208.292;3
208.374;3
208.462;3
208.542;4
208.627;4
208.711;5
208.801;5
208.883;5
208.966;6
209.054;6
209.133;7
209.216;7
209.309;7
FA
209.386;0
209.472;0
Mn
209.555;0
209.64;0
209.729;0
209.807;0
209.896;0
209.982;0
210.06;0
210.152;0
210.233;0
210.318;0
210.4;0
vMx
210.492;2
210.573;2
210.65;2
210.741;3
210.829;3
210.909;3
210.994;4
211.078;4
211.162;4
211.247;5
211.334;5
211.408;6
211.502;6
211.586;6
211.669;7
211.756;7
211.836;7
FA
211.915;0
212.002;0
212.091;0
Mn
212.171;0
212.252;0
212.347;0
212.428;0
212.511;0
212.593;0
212.679;0
212.761;0
212.851;0
212.934;0
213.016;0
213.105;0
vMx
213.183;1
213.268;2
213.352;2
213.443;2
213.52;3
213.604;3
213.693;3
213.774;4
213.858;4
213.943;4
214.026;5
214.11;5
214.198;5
214.279;6
214.374;6
214.446;6
214.531;6
214.62;7
214.7;7
214.785;7
214.871;8
Mn
214.952;8
215.037;8
215.129;9
215.203;9
215.295;9
215.38;10
215.459;10
215.544;10
215.629;1
215.709;1
215.797;1
vMx
215.88;1
215.967;2
216.052;2
216.139;2
216.222;3
216.303;3
216.391;3
216.473;4
216.555;4
216.647;4
216.723;5
216.817;5
216.903;5
216.977;6
217.067;6
217.151;6
217.236;7
217.315;7
217.406;7
Mn
217.484;7
217.57;8
217.654;8
217.738;8
217.82;9
217.909;9
217.989;9
218.08;10
218.163;10
218.244;10
218.333;1
218.411;1
218.495;1
vMx
218.58;1
218.664;2
218.752;2
218.835;2
218.917;3
219.002;3
219.085;3
219.173;4
219.252;4
219.34;4
219.423;5
219.505;5
219.591;5
219.676;6
219.765;6
219.844;6
Mn
219.932;6
220.016;7
FA
220.104;0
220.187;0
220.267;0
220.352;0
220.437;0
220.522;0
220.609;0
220.691;0
220.774;0
220.865;0
vMx
220.954;2
221.029;2
221.118;2
221.2;3
221.283;3
FA
221.365;0
221.45;0
221.534;0
221.623;0
221.703;0
221.786;0
221.87;0
221.957;0
222.037;0
222.126;0
222.213;0
222.292;0
222.385;0
Mn
222.465;0
222.553;0
222.628;0
222.719;0
222.796;0
222.883;0
222.968;0
223.051;0
223.133;0
223.219;0
223.303;0
223.389;0
vMx
223.477;2
223.557;2
223.641;2
223.727;3
223.81;3
223.897;3
223.982;4
FA
224.061;0
224.148;0
224.228;0
224.32;0
224.404;0
224.484;0
224.575;0
224.657;0
224.741;0
224.824;0
224.912;0
224.991;0
225.076;0
Mn
225.165;0
225.246;0
225.33;0
225.412;0
225.496;0
225.583;0
225.663;0
225.753;0
225.834;0
225.92;0
226.002;0
226.09;0
226.172;0
vMx
226.253;1
226.351;2
226.429;2
226.513;2
226.593;3
226.679;3
226.761;3
226.851;4
226.935;4
227.015;4
227.098;4
227.193;5
227.277;5
227.352;5
227.443;6
FA
227.52;0
227.61;0
227.692;0
227.778;0
227.859;0
227.948;0
228.031;0
Mn
228.11;0
228.197;0
228.28;0
228.361;0
228.453;0
228.532;0
228.629;0
228.705;0
228.792;0
228.868;0
228.961;0
229.044;0
229.128;0
vMx
229.212;1
229.298;2
229.381;2
229.467;2
229.549;3
229.634;3
229.718;3
229.799;3
229.881;4
229.971;4
230.054;4
230.141;5
230.215;5
230.31;5
230.393;5
230.474;6
230.555;6
230.639;6
230.728;7
230.812;7
Mn
230.896;7
230.978;7
231.064;8
231.149;8
231.233;8
231.321;9
FA
231.401;0
231.494;0
231.573;0
231.657;0
231.741;0
231.831;0
231.908;0
231.998;0
232.08;0
232.158;0
232.25;0
232.329;0
vMx
FA
232.413;0
232.5;0
232.582;0
232.666;0
232.752;0
232.838;0
232.922;0
233.012;0
233.093;0
233.173;0
233.264;0
233.347;0
233.425;0
233.515;0
233.593;0
233.681;0
233.762;0
233.853;0
Mn
233.934;0
234.016;0
234.104;0
234.184;0
234.27;0
234.357;0
234.438;0
234.527;0
234.608;0
234.697;0
234.774;0
234.861;0
vMx
FA
234.947;0
235.032;0
235.12;0
235.198;0
235.295;0
235.367;0
235.448;0
235.535;0
235.62;0
235.704;0
235.793;0
235.876;0
235.957;0
236.038;0
236.128;0
236.209;0
236.294;0
236.379;0
236.46;0
Mn
236.556;0
236.639;0
236.728;0
236.802;0
236.883;0
236.963;0
237.052;0
237.137;0
237.224;0
237.309;0
vMx
237.393;2
237.479;2
237.561;2
237.641;3
237.728;3
237.811;3
237.896;4
237.981;4
238.066;4
238.149;5
238.242;5
238.319;5
238.403;6
238.488;6
238.577;6
238.659;7
238.745;7
238.826;7
238.912;8
Mn
238.992;8
239.077;8
FA
239.162;0
239.242;0
239.333;0
239.41;0
239.499;0
239.58;0
239.675;0
239.757;0
239.844;0
239.924;0
240.003;0
vMx
240.09;1
240.177;2
240.258;2
240.342;2
240.43;3
240.511;3
240.6;3
240.685;4
240.77;4
240.852;4
240.935;5
241.017;5
241.106;5
241.188;6
241.27;6
241.359;6
241.444;6
241.522;7
Mn
241.609;7
241.693;7
FA
241.773;0
241.86;0
241.945;0
242.033;0
242.119;0
242.205;0
242.282;0
242.368;0
vMx
242.455;2
242.543;2
242.624;2
242.705;3
242.789;3
242.879;3
242.961;4
FA
243.046;0
243.127;0
243.211;0
243.291;0
243.378;0
243.465;0
243.543;0
243.638;0
243.723;0
243.803;0
243.886;0
243.968;0
244.051;0
Mn
244.144;0
244.222;0
244.307;0
244.393;0
244.475;0
244.56;0
244.648;0
244.731;0
244.811;0
244.898;0
244.98;0
245.064;0
245.152;0
245.237;0
vMx
FA
245.321;0
245.404;0
245.489;0
245.57;0
245.656;0
245.74;0
245.827;0
245.905;0
245.993;0
246.076;0
246.159;0
246.258;0
246.329;0
246.411;0
246.5;0
246.587;0
246.677;0
Mn
246.754;0
246.838;0
246.931;0
247.005;0
247.091;0
247.184;0
247.26;0
247.343;0
247.427;0
247.514;0
247.598;0
247.683;0
vMx
FA
247.766;0
247.848;0
247.938;0
248.018;0
248.104;0
248.19;0
248.273;0
248.358;0
248.442;0
248.524;0
248.615;0
248.695;0
248.778;0
248.866;0
248.949;0
249.034;0
249.116;0
249.199;0
249.287;0
249.367;0
Mn
249.452;0
249.536;0
249.616;0
249.704;0
249.789;0
249.879;0
249.959;0
250.045;0
250.123;0
250.213;0
250.297;0
250.381;0
vMx
250.467;1
250.553;2
250.636;2
250.723;2
250.803;3
250.883;3
250.982;3
251.062;4
251.14;4
251.229;4
251.309;5
251.399;5
251.478;5
251.563;6
251.642;6
251.731;6
251.814;6
251.896;7
251.987;7
252.072;7
FA
252.151;0
252.237;0
252.323;0
Mn
252.403;0
252.497;0
252.58;0
252.657;0
252.741;0
252.828;0
252.916;0
252.997;0
253.077;0
253.164;0
253.249;0
253.333;0
253.421;0
253.498;0
253.59;0
253.674;0
253.753;0
253.848;0
253.923;0
254.009;0
254.099;0
254.173;0
254.266;0
254.35;0
vMx
FT
254.428;0
254.516;0
254.602;0
254.685;0
254.771;0
254.858;0
254.933;0
255.019;0
255.103;0
255.192;0
255.279;0
255.363;0
255.44;0
255.527;0
255.613;0
255.697;0
255.781;0
255.862;0
255.947;0
256.031;0
256.116;0
256.203;0
256.287;0
256.369;0
256.453;0
Mn
256.539;0
256.622;0
Mx
256.702;0
Mn
256.787;0
256.88;0
256.957;0
257.049;0
257.128;0
257.207;0
257.296;0
257.38;0
257.464;0
257.557;0
257.634;0
257.725;0
257.808;0
vMx
FA
257.887;0
257.973;0
258.064;0
258.145;0
258.226;0
258.311;0
258.391;0
258.478;0
258.56;0
258.655;0
258.73;0
258.815;0
258.903;0
258.987;0
259.068;0
259.151;0
259.231;0
259.317;0
259.406;0
259.489;0
259.575;0
259.664;0
Mn
259.741;0
259.826;0
259.909;0
259.997;0
260.082;0
260.164;0
260.246;0
260.331;0
260.421;0
260.507;0
260.589;0
vMx
FA
260.67;0
260.759;0
260.841;0
260.924;0
261.004;0
261.091;0
261.175;0
261.258;0
261.345;0
261.429;0
261.514;0
261.598;0
261.682;0
261.765;0
261.855;0
261.941;0
262.021;0
262.103;0
262.193;0
Mn
262.274;0
262.359;0
262.442;0
262.526;0
262.613;0
262.703;0
262.775;0
262.869;0
262.95;0
263.035;0
263.118;0
263.204;0
vMx
263.285;2
263.374;2
263.457;2
263.534;2
263.623;3
263.706;3
263.792;3
263.878;4
263.964;4
264.047;4
264.123;5
264.216;5
264.299;5
264.384;6
264.469;6
264.551;6
264.635;7
264.716;7
264.803;7
FA
264.893;0
264.975;0
265.056;0
Mn
265.147;0
265.226;0
265.315;0
265.396;0
265.484;0
265.563;0
265.648;0
265.732;0
265.821;0
265.909;0
265.994;0
266.068;0
vMx
266.158;1
266.242;2
266.327;2
266.412;2
266.495;3
266.58;3
266.663;3
266.747;3
266.829;4
266.916;4
267.004;4
267.081;5
267.166;5
267.251;5
267.335;6
267.423;6
267.506;6
267.594;6
267.674;7
267.756;7
Mn
267.839;7
267.927;8
268.016;8
268.095;8
268.178;8
268.264;9
268.352;9
268.436;9
268.517;10
268.597;10
268.683;10
268.775;1
vMx
268.854;2
268.947;2
269.017;2
269.104;2
269.194;3
269.276;3
269.362;3
269.445;4
269.527;4
269.607;4
269.701;5
269.782;5
269.864;5
269.957;6
270.038;6
270.118;6
270.202;7
270.287;7
270.367;7
270.454;7
Mn
270.539;8
270.623;8
270.712;8
270.795;9
270.881;9
270.965;9
271.051;10
271.132;10
271.217;10
271.297;1
271.382;1
vMx
271.477;2
271.557;2
271.637;2
271.725;3
271.81;3
271.887;3
271.972;3
272.059;4
272.142;4
FA
272.227;0
272.31;0
272.393;0
272.479;0
272.567;0
272.646;0
272.73;0
272.824;0
272.905;0
272.992;0
273.079;0
273.153;0
273.241;0
273.327;0
273.412;0
273.496;0
273.578;0
Mn
273.66;0
273.748;0
273.833;0
273.915;0
273.996;0
274.082;0
274.166;0
274.252;0
274.343;0
274.417;0
274.511;0
274.59;0
274.67;0
274.758;0
274.842;0
274.927;0
vMx
FT
275.014;0
275.098;0
275.178;0
275.268;0
275.346;0
275.431;0
275.517;0
275.597;0
275.681;0
275.773;0
275.86;0
275.941;0
276.019;0
276.107;0
Mn
276.19;0
276.27;0
276.356;0
276.443;0
276.532;0
276.617;0
276.699;0
276.784;0
276.868;0
276.95;0
277.036;0
vMx
FT
277.123;0
277.204;0
277.287;0
277.377;0
277.46;0
277.547;0
277.628;0
277.715;0
277.8;0
277.89;0
277.963;0
278.047;0
278.132;0
278.216;0
278.299;0
278.391;0
278.478;0
278.551;0
278.636;0
Mn
278.723;0
278.808;0
278.895;0
278.971;0
279.062;0
279.143;0
279.224;0
279.317;0
279.401;0
279.481;0
279.563;0
279.649;0
vMx
279.735;2
279.818;2
279.902;2
279.985;2
280.069;3
280.163;3
280.238;3
280.324;4
280.41;4
280.494;4
280.582;5
280.665;5
280.746;5
280.828;6
280.916;6
280.999;6
281.087;7
Mn
281.173;7
281.251;7
281.339;8
281.428;8
281.505;8
281.586;9
281.678;9
281.758;9
281.841;10
281.928;10
282.007;10
vMx
282.099;2
282.185;2
282.266;2
282.349;3
282.438;3
282.524;3
282.602;4
282.686;4
282.773;4
FA
282.857;0
282.941;0
283.028;0
Mn
283.11;0
283.192;0
283.278;0
Mx
283.36;0
283.445;0
283.526;0
283.616;0
283.699;0
283.783;0
283.863;0
283.954;0
284.031;0
284.121;0
284.202;0
284.288;0
284.372;0
284.458;0
Mn
284.542;0
284.625;0
284.714;0
284.799;0
284.885;0
284.963;0
285.046;0
285.132;0
285.222;0
285.297;0
285.387;0
285.468;0
285.558;0
285.637;0
vMx
FT
285.724;0
285.807;0
285.89;0
285.977;0
286.057;0
286.152;0
286.237;0
286.311;0
286.397;0
286.481;0
286.562;0
286.649;0
286.737;0
286.819;0
286.911;0
286.993;0
287.073;0
287.157;0
287.242;0
Mn
287.328;0
287.414;0
287.493;0
287.574;0
287.669;0
287.755;0
287.828;0
287.913;0
288.004;0
288.086;0
vMx
FT
288.172;0
288.257;0
288.337;0
288.423;0
288.506;0
288.588;0
288.683;0
288.767;0
288.844;0
288.926;0
289.011;0
289.096;0
289.184;0
289.264;0
289.346;0
289.441;0
289.525;0
tMax1.6924e+06ns;tMean183148ns;tStd34796.7ns