HaGer-202104022_162059-Leber_clean.csv;0;75
23.314
23.404
23.485
23.571
23.659
fc0.33fs11.1111a0.169786
23.752
23.834
23.925
24.012
24.094
24.183
24.275
24.357
24.443
24.529
24.619
24.704
24.796
24.883
24.968
25.062
25.141
25.226
25.315
25.403
25.492
25.575
25.662
25.75
25.836
25.926
26.018
26.099
26.186
26.279
26.362
26.444
26.538
26.618
26.706
26.796
26.881
26.969
27.055
27.145
27.23
27.319
27.401
27.488
27.58
27.665
27.751
27.84
27.923
28.009
28.098
28.191
28.275
28.363
28.447
28.535
28.625
28.712
28.795
28.887
28.975
29.06
29.145
29.233
29.327
29.409
29.492
29.579
29.666
29.752
29.839
29.928
30.013
30.102
30.192
30.279
30.366
30.454
30.537
30.632
30.713
30.797
30.888
30.974
31.067
31.146
31.239
31.321
31.407
31.5
31.581
31.668
31.754
31.843
31.929
32.015
32.105
32.193
32.278
32.367
32.458
32.538
32.629
32.717
32.804
32.892
32.973
33.064
33.149
33.248
33.33
33.406
33.5
33.583
33.67
33.758
33.847
33.93
34.021
34.108
34.193
34.279
34.367
34.459
34.544
34.63
34.714
34.811
34.892
34.987
35.064
35.158
35.235
35.326
35.41
35.498
35.581
35.669
35.756
35.854
35.932
36.02
36.108
36.194
36.279
36.366
36.458
36.542
36.627
36.712
36.797
PRS:30.102;32.538;34.811;0.218469
Mn
36.889;5
36.974;6
37.065;6
37.154;6
37.241;6
37.323;6
37.41;6
37.498;7
37.588;7
37.671;7
37.758;7
37.846;7
37.938;8
38.022;8
38.107;8
38.189;8
38.277;8
38.371;9
38.457;9
38.545;9
38.628;9
38.72;9
38.804;9
vMx
38.89;1
38.977;2
39.062;2
39.147;2
39.247;2
39.328;3
39.406;3
39.496;3
39.582;3
39.67;3
39.763;4
39.842;4
39.94;4
40.018;4
40.103;5
40.196;5
40.285;5
40.368;5
40.456;5
40.546;6
40.625;6
40.727;6
40.8;6
FA
40.895;0
40.977;0
41.067;0
41.151;0
41.238;0
41.326;0
Mn
41.41;0
41.505;0
41.592;0
41.678;0
41.766;0
41.855;0
41.943;0
42.025;0
42.113;0
42.2;0
42.293;0
42.382;0
42.458;0
42.545;0
42.642;0
42.723;0
42.815;0
42.896;0
42.979;0
43.07;0
43.159;0
43.244;0
43.33;0
43.421;0
43.502;0
43.592;0
43.675;0
43.764;0
43.858;0
43.941;0
44.028;0
vMx
FT
44.11;0
44.204;0
44.284;0
44.375;0
44.456;0
44.551;0
44.633;0
44.725;0
44.812;0
44.9;0
44.984;0
45.07;0
45.156;0
45.246;0
45.331;0
45.418;0
45.518;0
45.594;0
45.682;0
45.769;0
45.86;0
45.947;0
46.031;0
46.115;0
46.206;0
46.296;0
46.381;0
46.476;0
46.555;0
46.638;0
46.726;0
46.817;0
46.902;0
Mn
46.997;0
47.08;0
47.16;0
47.25;0
47.336;0
47.423;0
47.514;0
47.602;0
47.691;0
47.779;0
47.859;0
47.945;0
48.04;0
48.127;0
48.203;0
48.294;0
48.383;0
48.478;0
48.565;0
48.643;0
48.732;0
48.812;0
48.909;0
48.991;0
49.083;0
49.166;0
49.258;0
49.348;0
49.433;0
49.524;0
vMx
49.6;1
49.686;1
49.775;2
49.867;2
49.958;2
50.038;2
50.123;2
50.214;2
50.302;2
50.384;3
50.481;3
50.56;3
50.646;3
50.734;3
50.819;3
50.904;4
50.993;4
51.079;4
51.167;4
51.253;4
51.343;4
51.431;5
51.515;5
51.612;5
51.69;5
51.775;5
51.861;5
51.952;5
52.037;6
52.13;6
52.215;6
Mn
52.297;6
52.387;6
52.468;6
52.557;7
52.648;7
52.732;7
52.827;7
52.911;7
52.996;7
53.081;8
53.165;8
53.256;8
53.341;8
53.429;8
53.514;8
53.596;8
53.684;9
53.779;9
53.868;9
53.951;9
54.042;9
54.132;9
54.211;10
54.305;10
54.384;10
54.473;10
54.562;10
54.643;10
54.731;1
vMx
54.819;1
54.91;1
54.991;2
55.085;2
55.167;2
55.253;2
55.344;2
55.44;2
55.515;3
55.603;3
55.687;3
55.778;3
55.864;3
55.956;3
56.035;4
56.124;4
56.222;4
56.298;4
56.387;4
56.475;4
56.565;5
56.65;5
56.744;5
56.829;5
56.913;5
56.997;5
57.08;6
57.174;6
57.261;6
57.338;6
57.435;6
Mn
57.526;6
57.604;7
57.695;7
57.782;7
57.862;7
57.965;7
58.039;7
58.124;8
58.214;8
58.3;8
58.385;8
58.478;8
58.565;8
58.648;9
58.737;9
58.826;9
58.909;9
58.999;9
59.088;9
59.174;10
59.258;10
59.355;10
59.431;10
59.522;10
59.61;10
59.692;1
vMx
59.786;1
Mn
59.872;1
vMx
FT
59.956;0
60.05;0
60.135;0
60.218;0
60.307;0
60.392;0
60.478;0
60.578;0
60.657;0
60.738;0
60.831;0
60.921;0
61.002;0
61.094;0
61.172;0
61.262;0
61.35;0
61.442;0
61.522;0
61.61;0
61.699;0
61.79;0
61.876;0
61.961;0
62.054;0
62.141;0
62.226;0
62.312;0
Mn
62.394;0
62.487;0
62.568;0
62.654;0
62.743;0
62.835;0
62.922;0
63.009;0
63.099;0
63.181;0
63.274;0
63.355;0
63.441;0
63.529;0
63.617;0
63.704;0
63.79;0
63.88;0
63.963;0
64.055;0
64.142;0
64.233;0
64.315;0
64.401;0
64.501;0
64.578;0
64.664;0
vMx
FT
64.749;0
64.85;0
64.925;0
65.014;0
65.097;0
65.191;0
65.277;0
65.359;0
65.449;0
65.54;0
65.631;0
65.713;0
65.797;0
65.881;0
65.974;0
66.057;0
66.146;0
66.233;0
66.317;0
66.408;0
66.494;0
66.581;0
66.665;0
66.764;0
Mn
66.848;0
66.927;0
67.018;0
67.101;0
67.192;0
67.276;0
67.369;0
67.449;0
67.536;0
67.625;0
67.714;0
67.8;0
67.894;0
67.978;0
68.058;0
68.147;0
68.235;0
68.321;0
68.407;0
68.492;0
68.586;0
68.67;0
68.757;0
68.842;0
68.931;0
vMx
69.014;1
69.108;2
69.199;2
69.276;2
69.367;2
69.452;2
69.537;3
69.63;3
69.715;3
69.805;3
69.888;3
69.974;4
70.053;4
70.15;4
70.236;4
70.326;4
70.409;5
70.499;5
70.591;5
70.671;5
70.76;6
70.843;6
70.931;6
71.026;6
71.105;6
71.193;7
71.28;7
Mn
71.368;7
71.454;7
71.544;7
71.632;8
71.717;8
71.803;8
71.89;8
FA
71.976;0
72.061;0
72.149;0
72.246;0
72.327;0
72.415;0
72.501;0
72.584;0
72.673;0
72.762;0
72.848;0
72.931;0
73.02;0
73.11;0
73.194;0
73.285;0
73.37;0
vMx
73.453;1
73.543;2
73.639;2
73.716;2
73.804;2
73.892;2
73.974;3
74.063;3
74.148;3
74.244;3
74.324;3
74.412;4
74.498;4
74.59;4
74.671;4
74.765;4
74.845;5
74.931;5
75.018;5
75.108;5
75.201;5
75.286;5
75.366;6
75.463;6
75.543;6
75.629;6
75.722;6
Mn
75.803;7
75.892;7
75.978;7
76.066;7
76.151;7
76.233;8
76.326;8
76.412;8
76.499;8
76.595;8
76.672;9
76.762;9
76.848;9
76.934;9
77.027;9
77.11;10
77.201;10
77.282;10
77.368;10
77.453;10
77.547;1
77.632;1
77.718;1
77.805;1
77.888;1
77.979;2
vMx
78.064;1
78.151;2
78.239;2
78.328;2
78.413;2
78.503;2
78.589;2
78.679;3
78.759;3
78.844;3
78.934;3
79.02;3
79.117;4
79.201;4
79.289;4
79.37;4
79.46;4
79.547;5
79.627;5
79.717;5
79.804;5
79.894;5
79.982;6
80.067;6
80.154;6
80.235;6
80.329;6
80.425;6
Mn
80.51;7
80.595;7
80.675;7
80.764;7
80.844;7
80.939;8
81.021;8
81.11;8
81.2;8
81.284;8
81.371;9
81.459;9
81.549;9
81.627;9
81.721;9
81.807;9
81.893;10
81.98;10
82.071;10
82.153;10
82.241;10
82.331;1
82.42;1
82.502;1
82.594;1
82.678;1
82.764;2
82.844;2
vMx
82.938;1
83.018;1
83.109;2
83.195;2
83.287;2
83.372;2
83.465;2
83.555;3
83.631;3
83.718;3
83.813;3
83.897;3
83.981;3
84.071;4
84.157;4
84.241;4
84.328;4
84.426;4
84.506;5
84.596;5
84.679;5
84.761;5
84.846;5
84.939;5
85.032;6
85.112;6
85.202;6
Mn
85.282;6
85.376;6
85.462;6
85.544;7
85.64;7
85.723;7
85.805;7
85.902;7
85.987;8
86.079;8
86.16;8
86.255;8
86.336;8
86.419;8
86.506;9
86.588;9
86.682;9
86.769;9
86.852;9
86.943;10
87.03;10
87.111;10
87.205;10
vMx
87.298;1
87.386;2
87.461;2
87.554;2
87.638;2
87.734;2
87.812;3
87.897;3
87.987;3
88.074;3
88.161;3
88.243;4
88.336;4
88.418;4
88.51;4
88.595;4
88.685;5
88.773;5
88.857;5
88.942;5
89.029;5
89.114;6
89.202;6
89.293;6
89.377;6
89.461;6
89.561;7
89.644;7
89.731;7
FA
89.812;0
89.902;0
89.986;0
Mn
90.078;0
90.163;0
90.245;0
90.345;0
90.432;0
90.508;0
90.597;0
90.687;0
90.77;0
90.858;0
90.95;0
91.031;0
91.122;0
91.217;0
91.292;0
91.38;0
91.467;0
91.559;0
91.641;0
91.729;0
91.816;0
91.901;0
91.993;0
92.074;0
vMx
92.172;1
92.253;1
92.339;2
92.427;2
92.514;2
92.596;2
92.689;2
92.776;3
92.857;3
92.951;3
93.037;3
93.121;3
93.213;3
93.296;4
93.383;4
93.47;4
93.561;4
93.642;4
93.733;5
93.82;5
93.9;5
93.996;5
94.078;5
94.163;5
94.248;6
94.341;6
94.437;6
94.523;6
Mn
94.601;6
94.693;6
94.779;7
94.863;7
94.947;7
95.035;7
95.129;7
95.214;8
95.299;8
95.388;8
95.471;8
95.557;8
95.647;8
95.733;9
95.823;9
95.907;9
95.992;9
96.08;9
96.181;10
96.26;10
96.34;10
96.433;10
vMx
96.516;1
96.602;2
96.691;2
96.779;2
96.871;2
96.954;2
97.036;3
97.126;3
97.22;3
97.3;3
97.388;3
97.478;4
97.562;4
97.652;4
97.735;4
97.823;4
97.913;5
97.998;5
98.086;5
98.171;5
98.269;5
98.347;6
Mn
98.435;6
98.523;6
98.609;6
98.693;6
98.786;7
98.869;7
98.955;7
FA
99.048;0
99.13;0
99.221;0
99.302;0
99.389;0
99.487;0
99.568;0
99.652;0
99.74;0
99.827;0
99.914;0
100.001;0
100.092;0
100.175;0
100.262;0
100.352;0
100.438;0
vMx
100.524;1
100.611;2
100.696;2
100.784;2
100.872;2
100.959;3
101.048;3
101.135;3
101.221;3
101.309;3
101.401;4
101.488;4
101.576;4
101.658;4
101.744;5
101.835;5
101.918;5
102.005;5
102.095;5
102.179;6
102.267;6
102.353;6
102.445;6
102.533;6
102.619;7
102.705;7
Mn
FA
102.793;0
102.877;0
102.962;0
103.053;0
103.137;0
103.225;0
103.311;0
103.4;0
103.488;0
103.573;0
103.666;0
103.758;0
103.836;0
103.919;0
104.009;0
104.093;0
104.186;0
104.268;0
104.355;0
104.442;0
104.538;0
104.621;0
104.706;0
104.794;0
vMx
104.877;1
104.964;2
105.048;2
105.143;2
105.227;2
105.318;2
105.405;3
105.486;3
105.576;3
105.663;3
105.75;3
105.845;4
105.927;4
106.008;4
106.097;4
106.182;4
106.266;5
106.357;5
106.443;5
106.53;5
106.626;5
106.712;6
106.792;6
106.88;6
106.964;6
Mn
107.053;6
107.139;7
107.23;7
107.313;7
107.4;7
107.492;7
107.574;8
107.662;8
107.749;8
107.841;8
107.928;8
108.01;9
108.096;9
108.186;9
108.272;9
108.358;9
108.444;10
108.531;10
108.62;10
vMx
108.707;2
108.8;2
108.885;2
108.968;2
109.056;2
109.145;3
109.239;3
109.316;3
109.412;3
109.496;4
109.577;4
109.664;4
109.749;4
109.844;5
109.926;5
110.011;5
110.101;5
110.185;5
110.271;6
110.357;6
110.443;6
110.538;6
110.621;7
Mn
110.709;7
110.796;7
110.881;7
110.964;7
111.056;8
111.141;8
111.238;8
111.327;8
111.403;9
111.499;9
111.575;9
111.664;9
111.752;9
111.839;10
111.921;10
112.011;10
112.109;10
112.194;1
112.277;1
112.36;1
112.445;1
112.536;2
112.622;2
112.705;2
112.795;2
vMx
112.886;1
112.969;2
113.056;2
113.147;2
113.231;2
113.318;2
113.406;3
113.492;3
113.58;3
113.662;3
113.752;4
113.838;4
113.927;4
114.019;4
114.103;4
114.185;5
114.269;5
114.365;5
114.45;5
114.533;5
114.624;6
114.712;6
114.792;6
114.882;6
114.976;6
FA
115.055;0
115.145;0
115.242;0
Mn
115.319;0
115.402;0
115.492;0
115.583;0
115.665;0
115.757;0
115.841;0
115.928;0
116.017;0
116.103;0
116.192;0
116.276;0
116.373;0
116.454;0
116.54;0
116.621;0
116.712;0
116.806;0
116.881;0
116.974;0
117.06;0
117.146;0
vMx
117.237;1
117.321;2
117.403;2
117.504;2
117.584;2
117.665;2
117.755;3
117.845;3
117.927;3
118.013;3
118.112;3
118.185;4
118.277;4
118.369;4
118.449;4
118.544;4
118.636;5
118.712;5
118.801;5
118.894;5
118.971;5
119.061;6
119.149;6
119.23;6
119.322;6
119.414;6
Mn
119.496;7
119.586;7
119.672;7
119.755;7
119.845;7
119.934;8
120.015;8
120.115;8
120.193;8
120.274;8
120.368;9
120.454;9
120.538;9
120.637;9
120.718;9
120.802;10
120.889;10
120.979;10
121.062;10
121.149;10
121.233;1
121.322;1
121.422;1
121.508;1
vMx
121.586;1
121.674;2
121.763;2
121.842;2
121.933;2
122.022;2
122.109;3
122.204;3
122.289;3
122.363;3
122.455;3
122.543;4
122.631;4
122.72;4
122.805;4
122.885;4
122.978;5
123.066;5
123.151;5
123.247;5
123.326;5
123.419;6
123.506;6
123.588;6
123.674;6
123.764;6
123.845;7
123.934;7
Mn
124.025;7
124.111;7
124.198;7
124.288;8
124.373;8
124.454;8
124.547;8
124.633;8
124.714;9
124.807;9
124.897;9
124.978;9
125.064;9
125.157;10
125.242;10
125.327;10
125.416;10
125.5;10
125.588;1
125.678;1
125.76;1
125.855;1
125.941;1
126.024;2
126.113;2
126.201;2
FA
126.286;0
126.371;0
126.461;0
vMx
126.551;1
126.642;1
126.731;2
126.809;2
126.898;2
126.983;2
127.066;2
127.158;3
127.24;3
127.329;3
127.42;3
127.508;3
127.596;3
127.68;4
127.767;4
127.853;4
127.944;4
128.029;4
128.118;4
128.21;5
128.286;5
128.377;5
128.467;5
128.554;5
128.637;6
128.724;6
128.815;6
128.9;6
Mn
128.99;6
129.076;6
129.159;7
129.25;7
129.333;7
129.424;7
129.511;7
129.595;7
129.684;8
129.775;8
129.857;8
129.941;8
130.036;8
130.114;9
130.203;9
130.292;9
130.389;9
130.476;9
130.557;9
130.646;10
130.726;10
130.814;10
130.901;10
130.995;10
131.081;10
131.167;1
131.252;1
131.338;1
vMx
131.424;1
131.511;1
131.603;2
131.69;2
131.78;2
131.864;2
131.952;2
132.036;3
132.124;3
132.211;3
132.299;3
132.386;3
132.472;3
132.557;4
132.648;4
132.73;4
132.817;4
132.906;4
133.001;5
133.079;5
133.167;5
133.26;5
133.347;5
133.433;5
133.521;6
133.604;6
133.691;6
133.786;6
133.866;6
133.954;6
134.041;7
134.128;7
134.212;7
Mn
134.298;7
134.391;7
134.48;8
134.563;8
134.653;8
134.74;8
134.825;8
134.908;8
134.996;9
135.086;9
135.171;9
135.256;9
135.344;9
135.433;10
135.516;10
135.605;10
135.691;10
135.789;10
135.865;10
135.955;1
136.041;1
136.127;1
136.214;1
136.304;1
136.391;1
136.477;2
vMx
136.562;1
136.653;1
136.736;2
136.827;2
136.908;2
136.999;2
137.088;2
137.17;2
137.264;3
137.346;3
137.434;3
137.518;3
137.614;3
137.696;3
137.785;4
137.867;4
137.957;4
138.044;4
138.122;4
138.211;4
138.298;5
138.396;5
138.479;5
138.566;5
138.653;5
138.738;5
138.825;6
138.91;6
138.998;6
Mn
139.085;6
139.182;6
139.26;7
139.349;7
139.44;7
139.523;7
139.611;7
139.69;7
139.786;8
139.872;8
139.959;8
140.04;8
140.128;8
140.223;8
140.304;9
140.393;9
140.476;9
140.563;9
140.651;9
140.742;9
140.836;10
140.913;10
140.998;10
141.086;10
141.174;10
141.261;10
vMx
141.348;1
141.444;2
141.521;2
141.609;2
141.693;2
141.789;2
141.869;2
141.955;3
142.05;3
142.132;3
142.223;3
142.302;3
142.392;4
142.48;4
142.57;4
142.657;4
142.745;4
142.829;4
142.912;5
143.001;5
143.09;5
143.189;5
143.261;5
143.35;6
143.436;6
143.529;6
143.611;6
143.698;6
143.781;6
143.875;7
143.958;7
144.044;7
Mn
144.137;7
144.224;7
FA
144.311;0
144.399;0
144.479;0
144.57;0
144.656;0
144.749;0
144.826;0
144.913;0
145.005;0
145.087;0
145.179;0
145.275;0
145.354;0
145.442;0
145.532;0
145.616;0
145.7;0
145.791;0
145.879;0
145.964;0
146.051;0
146.144;0
146.223;0
146.308;0
vMx
146.398;1
146.482;1
146.569;2
146.655;2
146.749;2
146.836;2
146.917;2
147.007;2
147.097;3
147.181;3
147.27;3
147.355;3
147.439;3
147.528;4
147.625;4
147.7;4
147.794;4
147.877;4
147.967;4
148.051;5
148.135;5
148.222;5
148.306;5
148.396;5
148.491;5
148.574;6
148.66;6
148.749;6
148.838;6
148.919;6
Mn
149.006;6
149.092;7
149.186;7
149.27;7
149.358;7
149.443;7
149.528;7
149.62;8
149.7;8
149.789;8
149.878;8
149.966;8
150.051;9
150.14;9
150.231;9
150.32;9
150.398;9
150.499;9
150.577;10
150.664;10
150.755;10
150.836;10
150.924;10
151.014;10
151.095;1
151.18;1
vMx
151.276;1
151.355;1
151.448;2
151.536;2
151.624;2
151.716;2
151.795;2
151.876;3
151.968;3
152.059;3
152.142;3
152.231;3
152.319;3
152.401;4
152.489;4
152.58;4
152.664;4
152.76;4
152.841;5
152.93;5
153.023;5
153.1;5
153.185;5
153.271;5
153.365;6
153.452;6
153.536;6
Mn
153.626;6
153.705;6
153.797;6
153.886;7
153.97;7
154.062;7
154.149;7
154.236;7
154.319;8
154.411;8
154.497;8
154.584;8
154.668;8
154.767;8
154.851;9
154.931;9
155.019;9
155.106;9
155.195;9
155.284;10
155.365;10
155.463;10
155.542;10
155.625;10
155.71;10
vMx
155.813;1
155.901;2
155.978;2
156.061;2
156.151;2
156.236;2
156.318;3
156.412;3
156.496;3
156.586;3
156.668;3
156.759;3
156.847;4
156.942;4
157.018;4
157.113;4
157.193;4
157.292;5
157.368;5
157.462;5
157.544;5
157.63;5
157.721;6
157.804;6
157.89;6
Mn
157.982;6
158.073;6
158.146;7
158.244;7
158.334;7
158.414;7
158.502;7
158.585;8
158.678;8
158.762;8
158.848;8
158.939;8
159.026;8
159.104;9
159.205;9
159.283;9
159.375;9
159.461;9
159.547;10
159.634;10
159.724;10
159.809;10
159.893;10
159.98;1
160.073;1
160.156;1
160.24;1
160.331;1
vMx
160.414;1
160.505;2
160.589;2
160.676;2
160.763;2
160.851;2
160.933;2
161.023;3
161.114;3
161.203;3
161.291;3
161.38;3
161.46;4
161.546;4
161.633;4
161.716;4
161.806;4
161.893;5
161.981;5
162.074;5
162.153;5
162.245;5
162.332;6
162.419;6
162.502;6
162.594;6
162.687;6
162.766;6
162.853;7
162.943;7
Mn
FA
163.025;0
163.118;0
163.205;0
163.291;0
163.378;0
163.461;0
163.549;0
163.637;0
163.723;0
163.819;0
163.899;0
163.984;0
164.072;0
164.169;0
164.251;0
164.345;0
164.421;0
164.511;0
164.592;0
164.686;0
164.778;0
164.854;0
164.943;0
165.029;0
165.115;0
165.203;0
165.287;0
165.377;0
vMx
165.464;1
165.563;1
165.637;2
165.724;2
165.813;2
165.9;2
165.984;2
166.073;2
166.158;3
166.252;3
166.34;3
166.419;3
166.512;3
166.612;4
166.682;4
166.772;4
166.854;4
166.95;4
167.038;4
167.119;5
167.207;5
167.295;5
167.376;5
167.467;5
167.554;5
167.643;6
167.728;6
167.818;6
167.909;6
167.992;6
168.081;6
Mn
168.165;7
168.255;7
168.349;7
168.425;7
168.51;7
168.598;7
168.684;8
168.774;8
168.863;8
168.945;8
169.036;8
169.12;9
169.209;9
169.293;9
169.384;9
169.467;9
169.557;9
169.648;10
169.727;10
169.817;10
169.908;10
169.993;10
170.078;10
170.17;1
170.255;1
170.34;1
170.426;1
170.51;1
vMx
170.6;1
170.688;1
170.776;2
170.869;2
170.95;2
171.034;2
171.122;2
171.208;2
171.299;3
171.383;3
171.469;3
171.559;3
171.645;3
171.73;3
171.824;4
171.906;4
171.993;4
172.079;4
172.167;4
172.254;4
172.343;5
172.425;5
172.522;5
172.608;5
172.69;5
172.784;6
172.873;6
172.952;6
Mn
173.039;6
173.123;6
173.212;6
173.299;7
173.394;7
173.471;7
173.561;7
173.643;7
173.73;7
173.819;8
173.906;8
173.998;8
174.084;8
174.175;8
174.264;8
174.343;9
174.428;9
174.518;9
174.6;9
174.691;9
174.779;9
174.876;10
174.95;10
175.048;10
vMx
175.122;1
175.212;2
175.302;2
175.383;2
175.48;2
175.562;2
175.653;3
175.736;3
175.822;3
175.907;3
175.999;3
176.081;3
176.168;4
176.254;4
176.342;4
176.433;4
176.52;4
176.604;5
176.692;5
176.783;5
176.869;5
176.952;5
177.045;6
177.124;6
177.209;6
177.303;6
177.397;6
Mn
177.473;7
177.558;7
177.655;7
177.739;7
177.82;7
177.907;8
177.996;8
178.087;8
178.171;8
178.259;8
178.345;8
178.435;9
178.519;9
178.608;9
178.691;9
178.781;9
178.875;10
178.954;10
179.04;10
179.125;10
179.219;10
179.307;1
179.39;1
179.478;1
179.565;1
179.655;1
vMx
179.734;1
179.824;2
179.91;2
179.998;2
180.09;2
180.18;2
180.267;2
180.351;3
180.436;3
180.523;3
180.608;3
180.699;3
180.783;4
180.871;4
180.956;4
181.044;4
181.131;4
181.226;5
181.314;5
181.391;5
181.484;5
181.571;5
181.659;6
181.743;6
181.836;6
181.916;6
182.001;6
Mn
182.09;6
182.174;7
182.261;7
182.35;7
182.437;7
182.528;7
182.617;8
182.694;8
182.786;8
182.872;8
182.957;8
183.045;9
183.139;9
183.219;9
183.308;9
183.397;9
183.481;9
183.569;10
183.654;10
183.742;10
183.828;10
183.919;10
184.006;1
vMx
184.088;1
184.182;2
184.269;2
184.349;2
184.439;2
184.525;2
184.621;3
184.706;3
184.791;3
184.879;3
184.96;3
185.044;4
185.145;4
185.227;4
185.311;4
185.396;4
185.482;5
185.568;5
185.655;5
185.743;5
185.834;5
185.924;6
186.007;6
186.091;6
186.175;6
186.269;6
186.36;7
186.443;7
186.526;7
Mn
186.613;7
186.702;7
FA
186.789;0
186.875;0
186.963;0
187.051;0
187.146;0
187.226;0
187.313;0
187.401;0
187.487;0
187.577;0
187.668;0
187.746;0
187.834;0
187.924;0
188.01;0
188.094;0
188.183;0
188.266;0
188.364;0
188.445;0
188.532;0
vMx
188.626;1
188.707;2
188.793;2
188.892;2
188.973;2
189.054;2
189.147;3
189.23;3
189.322;3
189.404;3
189.487;3
189.581;3
189.666;4
189.756;4
189.84;4
189.927;4
190.014;4
190.101;5
190.187;5
190.273;5
190.362;5
190.448;5
190.534;6
190.63;6
Mn
190.712;6
190.801;6
190.886;6
FA
190.97;0
191.059;0
191.153;0
191.241;0
191.324;0
191.409;0
191.494;0
191.582;0
191.67;0
191.762;0
191.846;0
191.931;0
192.02;0
192.109;0
192.191;0
192.278;0
192.369;0
vMx
192.454;2
192.538;2
192.627;2
192.723;2
192.799;2
192.888;3
192.975;3
193.064;3
193.151;3
193.239;4
193.325;4
193.414;4
193.497;4
193.586;4
193.67;5
193.758;5
193.847;5
193.933;5
194.025;6
194.106;6
194.194;6
194.277;6
194.365;7
Mn
194.454;7
194.551;7
194.634;7
194.717;7
194.797;8
194.89;8
194.976;8
195.064;8
195.158;9
195.239;9
195.328;9
195.41;9
195.499;9
195.584;10
195.674;10
195.768;10
195.853;10
195.937;1
196.02;1
vMx
196.109;2
196.196;2
196.286;2
196.368;2
196.455;3
196.544;3
196.631;3
196.732;3
196.806;3
196.895;4
196.977;4
197.072;4
197.153;4
197.238;5
197.331;5
197.414;5
197.501;5
197.588;6
197.678;6
197.767;6
197.853;6
197.935;7
198.023;7
Mn
198.115;7
198.202;7
198.283;8
198.373;8
198.456;8
198.55;8
198.632;8
198.719;9
198.811;9
198.895;9
198.984;9
199.066;10
199.163;10
199.252;10
199.331;10
199.418;1
199.502;1
199.588;1
vMx
199.68;2
199.765;2
199.854;2
199.938;2
200.023;3
200.113;3
200.2;3
200.29;3
200.377;4
200.459;4
200.546;4
200.635;4
200.724;5
200.821;5
200.903;5
200.982;5
201.072;6
201.161;6
201.247;6
201.337;6
201.419;6
201.504;7
201.592;7
201.676;7
Mn
201.768;7
201.852;8
FA
201.942;0
202.028;0
202.113;0
202.197;0
202.29;0
202.375;0
202.466;0
202.552;0
202.644;0
202.73;0
202.81;0
202.896;0
202.985;0
203.081;0
203.159;0
203.247;0
vMx
203.336;2
203.419;2
203.506;2
203.596;2
203.681;3
203.766;3
203.854;3
203.945;3
204.038;4
204.119;4
204.203;4
204.301;4
204.384;4
204.466;5
204.558;5
204.639;5
204.732;5
204.811;6
204.9;6
204.998;6
205.081;6
205.163;7
205.246;7
205.332;7
Mn
205.424;7
205.512;8
205.595;8
205.683;8
205.77;8
205.864;8
FA
205.949;0
206.037;0
206.118;0
206.219;0
206.292;0
206.382;0
206.472;0
206.555;0
206.641;0
206.73;0
206.813;0
206.9;0
206.986;0
207.074;0
207.159;0
207.251;0
207.34;0
207.429;0
207.513;0
207.602;0
207.685;0
207.77;0
vMx
207.859;1
207.95;2
208.036;2
208.127;2
208.212;2
208.294;2
208.382;3
208.467;3
208.557;3
208.641;3
208.731;3
208.819;3
208.902;4
208.996;4
209.078;4
209.171;4
209.25;4
209.338;5
209.427;5
209.52;5
209.599;5
209.687;5
209.774;6
209.862;6
Mn
209.953;6
210.038;6
210.134;6
210.21;7
210.301;7
210.386;7
210.472;7
210.56;7
210.646;8
210.73;8
210.824;8
210.906;8
210.993;8
211.087;8
211.167;9
211.254;9
211.341;9
211.431;9
211.518;9
211.606;10
211.69;10
211.769;10
211.861;10
211.953;10
vMx
212.036;1
212.123;2
212.215;2
212.301;2
212.386;2
212.482;3
212.563;3
212.645;3
212.736;3
212.823;3
212.913;4
212.996;4
213.082;4
213.175;4
213.258;4
213.344;5
213.436;5
213.517;5
213.602;5
213.699;5
Mn
213.778;6
213.867;6
213.95;6
214.039;6
214.124;6
214.216;7
214.3;7
FA
214.395;0
214.474;0
214.561;0
214.647;0
214.744;0
214.823;0
214.918;0
215.002;0
215.084;0
215.175;0
215.263;0
215.347;0
215.433;0
vMx
215.52;2
215.608;2
215.692;2
215.78;2
215.871;3
215.963;3
216.048;3
216.131;3
216.214;4
216.301;4
216.391;4
216.479;4
216.565;5
216.656;5
216.739;5
216.827;5
216.921;6
216.999;6
217.089;6
217.174;6
Mn
217.269;7
217.356;7
217.437;7
217.521;7
217.616;8
217.699;8
217.783;8
217.867;8
217.964;9
218.046;9
218.132;9
218.222;9
218.304;10
218.392;10
218.484;10
218.565;10
218.661;1
218.742;1
vMx
218.832;2
218.913;2
219.009;2
219.087;2
219.174;3
219.263;3
219.352;3
219.44;4
219.53;4
219.608;4
219.696;4
219.785;5
219.874;5
219.963;5
220.052;5
220.132;6
220.222;6
220.307;6
220.392;6
220.486;7
220.573;7
220.655;7
Mn
220.743;7
FA
220.832;0
220.915;0
221.005;0
221.092;0
221.178;0
221.265;0
221.352;0
221.437;0
221.53;0
221.615;0
221.707;0
221.788;0
221.873;0
221.964;0
222.053;0
222.142;0
222.229;0
222.313;0
222.396;0
222.484;0
222.566;0
222.659;0
vMx
222.742;2
222.833;2
222.918;2
223.006;2
223.092;2
223.181;3
223.267;3
223.352;3
223.443;3
223.529;4
223.614;4
223.705;4
223.799;4
223.885;4
223.967;5
224.058;5
224.139;5
224.223;5
224.312;6
224.401;6
Mn
224.485;6
224.576;6
224.657;6
224.747;7
224.832;7
224.922;7
225.007;7
225.094;8
225.189;8
225.269;8
225.353;8
225.445;8
225.537;9
225.617;9
225.71;9
225.792;9
vMx
FA
225.877;0
225.968;0
226.053;0
226.138;0
226.226;0
226.313;0
226.399;0
226.488;0
226.574;0
226.672;0
226.746;0
226.837;0
226.927;0
227.01;0
227.101;0
227.188;0
227.276;0
227.356;0
227.448;0
Mn
227.537;0
227.619;0
227.714;0
227.796;0
227.883;0
227.97;0
228.059;0
228.142;0
228.228;0
228.319;0
228.407;0
228.495;0
228.584;0
228.666;0
228.764;0
228.836;0
228.93;0
229.011;0
229.099;0
vMx
229.187;2
229.284;2
229.368;2
229.451;2
229.541;3
229.628;3
229.712;3
229.8;4
229.886;4
229.972;4
230.058;4
230.141;5
230.23;5
230.317;5
230.403;5
230.494;6
230.578;6
230.669;6
230.754;6
230.84;7
230.934;7
Mn
231.016;7
231.107;8
231.187;8
231.277;8
231.363;8
231.45;9
231.538;9
FA
231.626;0
231.71;0
231.803;0
231.889;0
231.973;0
232.062;0
232.146;0
232.236;0
232.323;0
232.41;0
232.497;0
232.579;0
232.67;0
232.756;0
232.845;0
vMx
232.939;2
233.023;2
233.116;2
233.19;2
233.276;2
233.367;3
233.451;3
233.54;3
233.626;3
233.72;4
233.804;4
233.895;4
233.972;4
234.064;5
234.151;5
234.236;5
234.323;5
234.41;5
234.495;6
234.58;6
234.671;6
234.755;6
234.851;7
Mn
234.938;7
FA
235.02;0
235.105;0
235.193;0
235.278;0
235.372;0
235.454;0
235.538;0
235.629;0
235.718;0
235.803;0
235.889;0
235.977;0
236.062;0
236.151;0
236.241;0
236.324;0
236.408;0
236.5;0
236.583;0
236.675;0
236.76;0
236.851;0
236.933;0
237.022;0
237.107;0
vMx
237.199;1
237.282;2
237.37;2
237.454;2
237.552;2
237.638;2
237.721;3
237.804;3
237.891;3
237.983;3
238.065;3
238.153;4
238.242;4
238.327;4
238.417;4
238.5;4
238.587;5
238.674;5
238.767;5
238.85;5
238.933;5
239.027;6
239.112;6
239.195;6
Mn
239.283;6
239.371;7
239.459;7
239.547;7
239.637;7
239.719;7
239.81;8
239.899;8
239.979;8
240.066;8
240.156;8
240.243;9
240.328;9
240.416;9
240.504;9
240.591;9
240.68;10
240.77;10
240.852;10
240.939;10
241.017;10
241.11;1
241.203;1
241.285;1
vMx
241.378;1
241.461;2
241.547;2
241.638;2
241.726;2
241.815;2
241.893;3
241.987;3
242.069;3
242.158;3
242.247;4
242.331;4
242.424;4
242.507;4
242.591;4
242.686;5
242.768;5
242.855;5
242.94;5
243.034;5
243.112;6
243.201;6
243.291;6
243.371;6
243.456;6
Mn
243.553;7
243.64;7
243.721;7
243.817;7
243.897;7
243.992;8
244.08;8
FA
244.155;0
244.248;0
244.332;0
244.429;0
244.509;0
244.597;0
244.686;0
244.766;0
244.856;0
244.939;0
245.038;0
245.125;0
245.203;0
245.301;0
245.378;0
245.462;0
245.552;0
245.639;0
245.725;0
vMx
245.812;1
Mn
245.9;2
vMx
FT
245.986;0
246.073;0
246.167;0
246.251;0
246.336;0
246.423;0
246.512;0
246.598;0
246.683;0
246.77;0
246.861;0
246.944;0
247.03;0
247.117;0
247.207;0
247.296;0
247.382;0
247.466;0
247.553;0
247.646;0
247.729;0
247.813;0
247.904;0
247.989;0
248.088;0
248.165;0
248.249;0
Mn
248.337;0
248.423;0
248.511;0
248.608;0
248.687;0
248.77;0
248.857;0
248.949;0
249.034;0
249.125;0
249.209;0
249.301;0
249.389;0
249.47;0
249.556;0
249.646;0
249.731;0
249.818;0
249.908;0
249.991;0
250.081;0
250.166;0
250.252;0
250.34;0
250.424;0
250.522;0
vMx
FT
250.601;0
250.686;0
250.772;0
250.861;0
250.948;0
251.037;0
251.131;0
251.212;0
251.301;0
251.387;0
251.475;0
251.557;0
251.647;0
251.736;0
251.817;0
251.906;0
251.993;0
252.084;0
252.166;0
252.258;0
252.345;0
252.432;0
252.517;0
252.603;0
252.691;0
252.776;0
252.866;0
Mn
252.953;0
253.044;0
253.13;0
253.208;0
253.298;0
253.384;0
253.481;0
253.563;0
253.648;0
253.732;0
253.819;0
253.907;0
254.002;0
254.083;0
254.167;0
254.258;0
254.348;0
254.433;0
254.518;0
254.603;0
254.69;0
254.779;0
254.875;0
254.952;0
255.045;0
255.134;0
255.212;0
vMx
255.302;1
255.385;1
255.474;2
255.569;2
255.643;2
255.738;2
FA
255.822;0
255.91;0
255.998;0
256.085;0
256.173;0
256.258;0
256.345;0
256.431;0
256.517;0
256.608;0
256.703;0
256.78;0
256.873;0
256.96;0
257.048;0
257.128;0
257.225;0
257.307;0
257.391;0
257.48;0
Mn
257.562;0
257.649;0
257.736;0
257.826;0
257.912;0
257.999;0
258.086;0
258.174;0
258.266;0
258.349;0
258.436;0
258.529;0
258.608;0
258.695;0
258.788;0
258.868;0
258.96;0
259.047;0
259.131;0
259.221;0
259.307;0
259.392;0
259.487;0
259.565;0
259.659;0
259.742;0
259.828;0
vMx
259.917;1
260.003;2
260.089;2
260.179;2
260.263;2
260.351;2
260.437;2
260.527;3
260.606;3
260.699;3
260.783;3
260.873;3
260.965;4
261.049;4
261.135;4
261.218;4
261.307;4
261.396;5
261.483;5
261.573;5
261.66;5
261.744;5
Mn
261.83;6
261.923;6
262.005;6
262.091;6
262.177;6
262.263;6
262.349;7
262.444;7
262.523;7
262.612;7
262.701;7
262.789;8
262.877;8
262.965;8
263.054;8
263.135;8
263.226;9
263.32;9
263.4;9
263.485;9
263.569;9
263.657;9
263.744;10
263.832;10
263.919;10
264.006;10
264.095;10
vMx
264.179;1
264.268;2
264.353;2
264.444;2
264.528;2
264.62;2
264.709;3
264.785;3
264.883;3
264.964;3
265.051;3
265.136;4
265.234;4
265.317;4
265.396;4
265.486;4
265.57;5
265.661;5
265.752;5
265.835;5
265.92;6
266.008;6
266.094;6
266.208;6
266.272;6
Mn
266.356;7
266.443;7
266.531;7
266.616;7
266.703;7
266.792;8
266.877;8
266.967;8
267.057;8
267.14;8
267.225;9
267.315;9
267.408;9
267.485;9
267.574;9
267.66;10
267.747;10
267.836;10
267.922;10
268.004;10
268.097;1
268.184;1
vMx
268.272;1
268.369;2
268.446;2
268.537;2
268.624;2
268.714;3
268.794;3
268.881;3
268.968;3
269.052;3
269.146;4
269.236;4
269.315;4
269.413;4
269.504;4
269.581;5
269.669;5
269.754;5
269.848;5
269.926;6
270.014;6
270.098;6
270.184;6
Mn
270.276;6
270.362;7
270.453;7
270.536;7
270.621;7
270.711;7
270.804;8
270.881;8
270.973;8
271.055;8
271.144;8
271.231;9
271.321;9
271.404;9
271.493;9
271.579;10
271.666;10
271.754;10
271.85;10
271.93;10
272.019;1
272.101;1
272.187;1
272.277;1
vMx
272.361;1
272.452;2
272.536;2
272.624;2
272.711;2
272.794;3
272.885;3
272.972;3
273.059;3
273.148;3
273.237;4
273.321;4
273.403;4
273.497;4
273.586;4
273.675;5
273.757;5
273.85;5
273.938;5
274.015;6
274.104;6
274.195;6
274.28;6
274.366;6
Mn
274.451;7
274.539;7
274.628;7
274.711;7
274.806;7
274.887;8
274.974;8
275.064;8
275.152;8
275.227;8
275.321;9
275.409;9
275.502;9
275.586;9
275.672;10
275.764;10
275.842;10
vMx
275.93;2
276.019;2
276.104;2
276.196;2
276.283;3
276.37;3
276.455;3
276.54;3
276.63;4
276.715;4
276.801;4
276.892;4
276.977;5
277.063;5
277.152;5
277.238;5
277.324;5
277.411;6
277.499;6
277.59;6
277.676;6
Mn
277.761;7
277.844;7
277.932;7
278.021;7
278.106;8
278.198;8
278.283;8
278.372;8
278.456;9
278.542;9
278.639;9
278.719;9
278.809;10
278.893;10
278.978;10
279.066;10
279.158;1
279.243;1
279.326;1
279.413;1
vMx
FA
279.501;0
279.588;0
279.68;0
279.765;0
279.852;0
279.936;0
280.026;0
280.11;0
280.197;0
280.282;0
280.374;0
280.457;0
280.557;0
280.634;0
280.719;0
280.805;0
280.896;0
Mn
280.982;0
281.067;0
281.154;0
281.24;0
281.329;0
281.414;0
281.506;0
281.587;0
281.677;0
281.766;0
281.849;0
281.94;0
282.022;0
282.114;0
282.201;0
282.286;0
282.381;0
282.464;0
vMx
282.546;2
282.628;2
282.725;2
282.806;3
282.893;3
282.984;3
283.076;3
283.155;4
283.246;4
283.33;4
283.419;5
283.505;5
283.592;5
283.68;5
283.766;6
283.852;6
283.938;6
284.035;7
284.114;7
284.204;7
Mn
FA
284.29;0
284.376;0
284.463;0
284.55;0
284.635;0
284.727;0
284.813;0
284.898;0
284.983;0
285.07;0
285.16;0
285.248;0
285.333;0
285.422;0
285.506;0
285.604;0
285.688;0
285.772;0
285.855;0
285.944;0
286.027;0
286.115;0
286.209;0
286.293;0
vMx
FT
286.384;0
286.466;0
286.552;0
286.638;0
286.768;0
286.868;0
286.942;0
286.986;0
287.074;0
287.163;0
287.251;0
287.335;0
287.423;0
287.509;0
287.598;0
287.683;0
287.769;0
287.861;0
287.949;0
Mn
288.031;0
288.124;0
288.216;0
288.305;0
288.385;0
288.465;0
288.557;0
288.643;0
288.735;0
288.812;0
288.907;0
288.988;0
289.079;0
289.166;0
289.251;0
289.337;0
289.425;0
289.512;0
289.596;0
289.685;0
289.776;0
289.862;0
289.951;0
290.032;0
vMx
290.124;2
290.214;2
290.294;2
290.385;2
290.471;2
290.559;3
290.645;3
290.732;3
290.815;3
290.909;4
290.99;4
291.077;4
291.166;4
291.256;5
291.346;5
291.429;5
291.515;5
291.6;5
291.685;6
291.774;6
291.865;6
Mn
291.949;6
292.034;7
292.13;7
292.214;7
292.299;7
292.389;8
292.472;8
292.56;8
292.651;8
292.73;9
292.822;9
292.905;9
292.991;9
293.078;9
293.173;10
293.264;10
293.343;10
293.434;10
293.518;1
293.606;1
293.697;1
293.775;1
vMx
293.87;2
293.952;2
294.041;2
294.124;2
294.21;2
294.298;3
294.387;3
294.473;3
294.563;3
294.65;4
294.738;4
294.82;4
294.906;4
294.996;5
295.077;5
295.178;5
295.26;5
295.346;5
295.433;6
295.522;6
295.602;6
295.69;6
Mn
295.78;7
295.864;7
295.953;7
296.043;7
296.131;8
296.216;8
296.301;8
296.387;8
296.473;8
296.564;9
296.651;9
296.734;9
296.828;9
296.912;10
296.997;10
297.092;10
297.18;10
297.264;1
297.346;1
vMx
297.433;2
297.518;2
297.607;2
297.695;2
297.782;3
297.868;3
297.956;3
298.044;3
298.137;4
298.219;4
298.307;4
298.393;4
298.48;5
298.563;5
298.657;5
298.741;5
298.835;6
298.919;6
298.998;6
299.089;6
299.176;6
FA
299.262;0
299.347;0
Mn
299.435;0
299.52;0
299.611;0
299.704;0
299.785;0
299.861;0
299.954;0
300.044;0
300.139;0
300.218;0
300.307;0
300.398;0
300.479;0
300.567;0
300.65;0
300.741;0
300.834;0
300.915;0
301.005;0
301.091;0
301.177;0
301.265;0
vMx
301.352;2
301.441;2
301.523;2
301.617;2
301.696;2
301.785;3
301.871;3
301.955;3
302.046;3
302.138;4
302.221;4
302.312;4
302.396;4
302.482;4
302.57;5
302.658;5
302.74;5
302.83;5
302.917;6
303.004;6
303.091;6
Mn
303.183;6
303.276;6
303.355;7
303.433;7
303.535;7
303.613;7
303.7;8
303.792;8
303.882;8
303.964;8
304.053;8
304.138;9
304.224;9
304.319;9
304.401;9
304.49;10
304.578;10
304.66;10
304.747;10
304.838;10
vMx
304.922;2
305.005;2
305.095;2
305.181;2
305.268;3
305.358;3
305.443;3
305.526;3
305.616;4
305.703;4
305.789;4
305.875;4
305.968;5
306.049;5
306.14;5
306.226;5
306.319;6
306.404;6
306.49;6
Mn
306.576;6
306.667;6
306.745;7
306.833;7
306.919;7
307.01;7
307.098;8
307.184;8
307.273;8
307.363;8
307.444;9
307.533;9
307.624;9
307.707;9
307.795;10
307.881;10
307.974;10
308.058;10
308.147;1
308.225;1
308.318;1
308.405;1
vMx
308.498;2
308.578;2
308.662;2
308.751;2
308.84;3
308.928;3
309.015;3
309.105;3
309.181;4
309.271;4
309.361;4
309.446;4
309.53;5
309.619;5
309.703;5
309.799;5
309.885;5
309.968;6
310.058;6
Mn
310.145;6
310.23;6
310.317;7
310.408;7
310.498;7
310.582;7
310.666;8
310.752;8
310.839;8
310.925;8
311.014;9
311.104;9
311.191;9
311.273;9
311.365;10
311.45;10
311.534;10
vMx
311.62;2
311.709;2
311.795;2
311.883;3
311.977;3
312.05;3
312.143;3
312.23;4
312.316;4
312.405;4
312.5;5
312.584;5
312.666;5
312.758;5
312.844;6
312.925;6
313.018;6
Mn
313.1;6
313.192;7
313.276;7
313.365;7
313.453;8
313.545;8
313.625;8
313.722;8
313.799;9
313.884;9
313.973;9
314.057;10
314.145;10
314.233;10
314.32;10
vMx
314.411;2
314.492;2
314.58;3
314.668;3
314.756;3
314.847;3
314.937;4
315.016;4
315.103;4
315.189;5
315.282;5
315.365;5
315.451;6
315.537;6
315.633;6
315.717;7
315.798;7
315.886;7
Mn
315.98;8
316.056;8
316.149;8
316.239;8
316.329;9
316.41;9
316.499;9
316.582;10
316.675;10
316.76;10
316.843;1
316.938;1
317.019;1
317.105;2
FA
317.196;0
317.281;0
317.37;0
317.454;0
317.54;0
317.627;0
317.721;0
317.805;0
317.889;0
vMx
FT
317.979;0
318.064;0
318.153;0
318.236;0
318.323;0
318.409;0
318.501;0
318.592;0
318.672;0
318.768;0
318.847;0
318.933;0
319.024;0
319.106;0
319.195;0
319.281;0
319.37;0
319.449;0
319.554;0
319.635;0
319.721;0
319.805;0
319.891;0
319.976;0
Mn
320.064;0
320.151;0
320.239;0
320.325;0
320.415;0
320.501;0
320.588;0
320.672;0
320.759;0
320.847;0
320.935;0
321.025;0
321.119;0
321.197;0
321.283;0
321.371;0
321.457;0
321.547;0
321.636;0
321.717;0
321.804;0
vMx
321.897;2
321.984;2
322.063;2
322.154;2
322.242;2
322.327;3
322.42;3
322.501;3
322.59;3
322.677;4
322.766;4
322.862;4
322.94;4
323.023;4
323.11;5
323.2;5
323.285;5
323.373;5
323.46;6
323.546;6
323.637;6
323.72;6
Mn
323.806;6
323.897;7
323.983;7
324.068;7
324.161;7
324.251;8
324.331;8
324.42;8
324.511;8
324.6;8
324.68;9
324.771;9
324.858;9
324.939;9
325.033;10
325.116;10
325.203;10
325.288;10
325.375;10
325.467;1
325.55;1
vMx
325.643;2
325.721;2
325.811;2
325.898;2
325.986;2
326.072;3
326.164;3
326.25;3
326.333;3
326.421;4
326.511;4
326.594;4
326.68;4
326.768;5
326.852;5
326.941;5
327.028;5
327.118;5
Mn
327.205;6
327.29;6
327.381;6
327.461;6
327.552;7
327.643;7
327.726;7
327.818;7
FA
327.905;0
327.991;0
328.073;0
328.163;0
328.251;0
328.337;0
328.427;0
328.509;0
328.593;0
328.691;0
vMx
328.771;2
328.854;2
328.945;2
329.036;3
329.118;3
329.208;3
329.293;3
329.386;4
329.468;4
329.553;4
329.638;5
329.739;5
329.814;5
329.903;5
329.992;6
330.075;6
330.164;6
330.254;7
Mn
330.346;7
330.424;7
330.516;7
330.6;8
330.685;8
330.773;8
330.857;8
330.948;9
331.037;9
331.119;9
331.208;10
331.295;10
331.379;10
331.468;10
331.555;1
331.643;1
331.736;1
331.824;2
331.902;2
331.996;2
vMx
332.08;2
332.166;2
332.25;2
332.341;2
332.429;3
332.512;3
332.6;3
332.69;4
332.772;4
332.867;4
332.955;4
333.037;5
333.122;5
333.208;5
333.296;5
333.385;6
333.472;6
Mn
333.567;6
333.643;6
333.731;7
333.823;7
333.906;7
333.995;7
334.081;8
334.172;8
334.252;8
334.346;9
334.428;9
334.519;9
334.602;9
334.692;10
334.786;10
334.868;10
334.957;10
vMx
335.037;2
335.125;2
335.221;2
335.306;3
335.386;3
335.474;3
335.566;4
335.652;4
335.736;4
335.823;4
335.909;5
335.998;5
336.082;5
336.173;6
336.257;6
Mn
336.341;6
336.429;6
336.519;7
336.604;7
336.685;7
336.778;8
336.867;8
336.95;8
337.042;9
337.131;9
337.212;9
337.3;9
FA
337.387;0
337.477;0
337.566;0
337.649;0
337.735;0
337.826;0
337.914;0
338.004;0
vMx
FA
338.083;0
338.172;0
338.255;0
338.346;0
338.433;0
338.522;0
338.613;0
338.69;0
338.781;0
338.87;0
338.953;0
339.042;0
339.133;0
339.215;0
339.306;0
339.392;0
339.482;0
339.568;0
Mn
339.653;0
339.737;0
339.825;0
339.913;0
339.998;0
340.087;0
340.175;0
340.261;0
340.355;0
340.435;0
340.52;0
340.608;0
340.698;0
340.782;0
340.868;0
vMx
FA
340.956;0
341.044;0
341.132;0
341.218;0
341.311;0
341.393;0
341.48;0
341.567;0
341.653;0
341.743;0
341.836;0
341.915;0
342.005;0
342.088;0
342.174;0
342.261;0
342.351;0
Mn
342.437;0
342.528;0
342.609;0
342.7;0
342.783;0
342.872;0
342.961;0
343.046;0
343.136;0
343.22;0
343.308;0
343.393;0
343.476;0
343.572;0
343.657;0
343.742;0
343.829;0
343.917;0
vMx
FA
344.003;0
344.093;0
344.18;0
344.266;0
344.352;0
344.442;0
344.525;0
344.616;0
344.701;0
344.785;0
344.879;0
344.965;0
345.054;0
345.135;0
345.225;0
345.317;0
345.398;0
345.487;0
345.572;0
345.656;0
345.744;0
345.832;0
345.919;0
Mn
346.012;0
346.091;0
346.181;0
346.265;0
346.351;0
346.441;0
346.526;0
346.613;0
346.7;0
346.79;0
346.882;0
346.963;0
347.051;0
347.138;0
347.227;0
347.31;0
347.396;0
347.487;0
347.571;0
347.66;0
347.752;0
vMx
FT
347.849;0
347.926;0
348.011;0
348.093;0
348.182;0
348.272;0
348.359;0
348.441;0
348.53;0
348.618;0
348.705;0
348.792;0
348.875;0
348.964;0
349.051;0
349.139;0
349.232;0
349.315;0
349.4;0
349.487;0
Mn
349.575;0
349.67;0
349.748;0
349.836;0
349.921;0
350.007;0
350.098;0
350.186;0
350.269;0
350.363;0
350.445;0
350.531;0
350.62;0
350.711;0
350.798;0
350.88;0
350.973;0
351.054;0
vMx
351.141;2
351.238;2
351.308;2
351.41;2
351.491;3
351.581;3
351.665;3
351.751;4
351.837;4
351.927;4
352.014;4
352.097;5
352.186;5
352.278;5
352.362;5
352.45;6
Mn
352.544;6
352.619;6
352.71;6
352.802;7
352.884;7
352.969;7
353.056;7
353.142;8
353.231;8
353.327;8
353.406;9
FA
353.494;0
353.581;0
353.667;0
353.759;0
353.848;0
353.928;0
354.015;0
354.1;0
vMx
354.192;2
354.278;2
354.363;2
tMax1.5225e+06ns;tMean175192ns;tStd40872.3ns