KarMe_20210610_081447_Lunge_clean.csv;0;75
1.094
1.937
2.013
2.081
2.154
fc0.33fs1.18624a0.756634
2.231
2.299
2.372
2.445
2.519
2.59
2.664
2.736
2.81
2.882
2.955
3.028
3.101
3.173
3.246
3.319
3.391
3.465
3.538
3.61
3.683
3.758
3.829
3.902
3.975
4.048
4.121
4.195
4.266
4.339
4.413
4.485
4.558
4.631
4.704
4.776
4.853
4.925
4.994
5.068
5.141
5.213

fcN0.19
5.286
5.359
5.431
5.508
5.578
5.65
5.725
5.794
5.867
5.944
6.013
6.087
6.16
6.232
6.306
6.383
6.451
6.524
6.598
6.67
6.743
6.817
6.888
6.961
7.037
7.108
7.179
7.253
7.325
7.398
7.474
7.544
7.616
7.689
7.761
7.834
7.911
7.98
8.053
8.125
8.198
8.272
8.345
8.417
8.49
8.564
8.636
8.708
8.782
8.861
8.936
9.007
9.081
9.152
9.229
9.304
9.373
9.445
9.519
9.594
9.666
9.735
9.807
9.88
9.96
10.031
10.101
10.175
10.248
10.321
10.391
10.471
10.539
10.611
10.686
10.762
10.836
10.905
10.973
11.046
11.123
11.195
11.266
11.345
11.412
11.484
PRS:7.037;8.708;9.88;0.0353379
11.559;7
11.629;7
Mn
11.705;7
11.775;7
11.849;8
11.922;8
11.995;8
12.07;8
12.14;9
12.219;9
12.287;9
12.358;9
12.432;10
12.51;10
12.579;10
12.651;10
12.722;1
12.798;1
12.868;1
12.942;1
13.017;2
vMx
13.091;1
13.157;1
13.233;2
13.306;2
13.381;2
13.455;2
13.528;3
13.597;3
13.669;3
13.742;3
13.813;3
13.892;4
13.966;4
14.034;4
14.112;4
14.179;5
Mn
14.254;5
Mx
14.327;5
14.398;5
14.469;6
Mn
14.544;6
14.623;6
14.687;6
14.763;7
Mx
14.833;7
14.91;7
Mn
14.983;7
15.049;7
15.127;8
15.207;8
15.271;8
FA
15.346;0
15.419;0
15.489;0
15.561;0
15.637;0
15.707;0
15.785;0
15.855;0
15.931;0
16;0
vMx
16.075;1
16.146;1
16.222;2
16.294;2
16.366;2
16.437;2
16.513;3
16.588;3
16.655;3
16.729;3
16.804;4
16.878;4
16.951;4
17.022;4
17.093;5
17.17;5
17.239;5
17.311;5
17.387;5
17.461;6
17.532;6
Mn
17.602;6
17.674;6
17.747;7
Mx
17.831;7
Mn
17.897;7
17.968;7
18.043;8
18.118;8
18.186;8
18.258;8
18.335;9
18.41;9
18.484;9
18.552;9
18.622;10
18.701;10
FA
18.773;0
18.843;0
vMx
FA
18.917;0
18.991;0
19.062;0
19.138;0
19.206;0
19.282;0
19.352;0
19.434;0
19.499;0
19.576;0
19.648;0
19.717;0
19.79;0
19.861;0
19.936;0
20.017;0
20.083;0
20.151;0
20.226;0
20.307;0
20.373;0
20.452;0
20.518;0
20.591;0
20.663;0
20.735;0
20.817;0
Mn
20.882;0
20.954;0
21.035;0
21.101;0
21.177;0
21.243;0
21.316;0
21.391;0
21.462;0
21.538;0
21.61;0
21.679;0
21.755;0
21.831;0
vMx
FA
21.906;0
21.971;0
22.047;0
22.12;0
22.193;0
22.271;0
22.344;0
22.408;0
22.484;0
Mn
22.563;0
22.63;0
vMx
FT
22.703;0
22.774;0
22.852;0
22.924;0
22.996;0
23.068;0
23.139;0
23.213;0
23.287;0
23.357;0
23.429;0
23.51;0
Mn
23.582;0
23.651;0
23.725;0
23.803;0
23.871;0
23.944;0
24.011;0
24.092;0
24.159;0
24.233;0
24.301;0
24.377;0
24.447;0
24.522;0
24.602;0
24.669;0
24.747;0
vMx
FT
24.818;0
24.889;0
24.96;0
25.029;0
25.101;0
25.181;0
25.251;0
25.323;0
25.392;0
25.463;0
25.537;0
25.612;0
25.687;0
25.753;0
25.827;0
25.907;0
25.973;0
26.047;0
26.12;0
26.194;0
26.265;0
26.338;0
26.41;0
26.488;0
26.558;0
26.634;0
26.705;0
Mn
26.783;0
26.852;0
26.92;0
26.999;0
27.068;0
27.15;0
27.213;0
27.292;0
27.357;0
27.431;0
27.502;0
27.574;0
27.648;0
27.722;0
27.802;0
27.868;0
27.942;0
28.015;0
vMx
FT
28.089;0
28.165;0
28.234;0
28.313;0
28.384;0
28.453;0
28.53;0
28.602;0
28.671;0
28.749;0
28.813;0
28.885;0
28.965;0
29.033;0
29.117;0
29.186;0
29.257;0
29.328;0
29.402;0
29.471;0
29.547;0
Mn
29.624;0
29.69;0
29.761;0
29.834;0
29.916;0
29.984;0
30.056;0
30.128;0
30.2;0
30.27;0
30.345;0
30.419;0
30.495;0
30.574;0
30.643;0
30.711;0
30.797;0
30.869;0
30.928;0
vMx
31.004;1
31.074;1
31.149;2
31.229;2
31.3;2
31.379;2
31.447;3
31.524;3
31.589;3
31.655;3
31.734;4
31.805;4
31.882;4
31.948;4
32.03;5
32.102;5
Mn
FA
32.18;0
32.248;0
32.321;0
32.39;0
Mx
32.457;0
32.536;0
32.605;0
Mn
32.677;0
Mx
32.75;0
32.83;0
32.898;0
Mn
32.969;0
33.046;0
33.114;0
33.202;0
33.265;0
33.341;0
33.413;0
33.485;0
33.556;0
33.63;0
33.7;0
33.778;0
33.852;0
33.922;0
vMx
FA
33.995;0
34.063;0
34.136;0
34.21;0
34.28;0
34.36;0
34.428;0
34.502;0
34.575;0
34.655;0
34.726;0
34.799;0
34.867;0
34.941;0
35.01;0
35.091;0
35.167;0
35.231;0
Mn
35.307;0
35.375;0
35.456;0
35.525;0
vMx
FT
35.597;0
35.671;0
35.737;0
35.81;0
Mn
35.889;0
35.967;0
36.035;0
36.107;0
36.175;0
36.247;0
36.33;0
36.398;0
36.473;0
36.542;0
36.617;0
36.694;0
36.76;0
36.836;0
36.907;0
36.987;0
vMx
FT
37.056;0
37.125;0
37.199;0
37.27;0
37.346;0
37.423;0
37.487;0
37.558;0
37.64;0
37.704;0
37.781;0
37.856;0
37.929;0
37.999;0
38.078;0
38.145;0
38.222;0
38.301;0
38.364;0
38.438;0
38.515;0
38.583;0
38.658;0
38.733;0
38.811;0
38.876;0
Mn
38.948;0
39.019;0
39.094;0
39.171;0
39.243;0
39.316;0
39.383;0
39.458;0
39.539;0
39.608;0
39.676;0
39.754;0
39.828;0
39.91;0
39.979;0
40.042;0
vMx
FT
40.109;0
40.187;0
40.26;0
40.333;0
40.408;0
40.484;0
40.553;0
40.626;0
40.705;0
40.78;0
40.844;0
40.914;0
40.989;0
41.062;0
41.14;0
41.208;0
41.278;0
41.359;0
41.424;0
41.493;0
Mn
41.583;0
Mx
41.641;0
Mn
41.714;0
41.793;0
41.861;0
41.938;0
42.007;0
42.085;0
42.154;0
42.233;0
42.294;0
42.373;0
42.447;0
42.512;0
42.593;0
42.667;0
42.733;0
42.808;0
42.879;0
42.956;0
vMx
43.023;1
43.096;1
43.168;2
43.24;2
43.317;2
43.387;2
43.465;3
43.533;3
43.607;3
43.678;3
43.752;4
43.822;4
43.899;4
43.97;4
44.046;5
44.128;5
44.19;5
44.258;5
44.332;6
Mn
44.405;6
Mx
44.48;6
44.562;6
44.632;7
Mn
44.698;7
44.782;7
44.846;7
44.917;8
44.99;8
45.062;8
45.142;8
45.217;9
45.285;9
45.353;9
45.432;9
45.51;10
45.571;10
45.644;10
vMx
45.716;1
45.79;1
45.867;2
45.942;2
46.011;2
46.081;3
46.159;3
46.226;3
FA
46.301;0
46.374;0
46.447;0
46.52;0
46.594;0
46.663;0
46.737;0
46.815;0
46.886;0
46.955;0
47.037;0
47.102;0
47.177;0
47.251;0
47.325;0
47.396;0
47.47;0
47.541;0
Mn
47.613;0
47.687;0
47.76;0
47.833;0
47.906;0
47.975;0
48.048;0
48.119;0
48.203;0
48.273;0
48.347;0
48.414;0
48.488;0
48.558;0
48.634;0
vMx
48.711;1
48.781;1
48.857;2
48.927;2
49;2
49.072;2
49.146;3
49.218;3
49.291;3
49.369;3
49.447;4
49.515;4
49.593;4
49.659;4
49.737;5
49.803;5
49.878;5
49.95;5
50.026;6
50.099;6
50.169;6
50.252;6
50.315;7
50.385;7
50.461;7
Mn
50.534;7
50.607;7
50.681;8
50.754;8
50.828;8
50.898;8
50.973;9
51.057;9
51.116;9
51.191;9
51.261;10
51.336;10
51.411;10
51.482;10
vMx
51.553;1
51.631;1
51.7;2
51.777;2
51.845;2
51.914;2
51.992;3
52.064;3
52.139;3
52.216;3
52.282;4
52.361;4
52.428;4
52.505;4
52.575;5
52.647;5
52.72;5
52.794;5
52.869;6
52.938;6
53.011;6
Mn
53.084;6
53.157;7
53.226;7
53.299;7
53.38;8
53.453;8
53.527;8
53.594;8
53.666;9
53.742;9
53.814;9
53.888;9
53.961;10
54.034;10
54.107;10
54.177;10
54.248;1
vMx
54.318;1
54.398;1
54.47;2
54.542;2
54.619;2
54.689;2
54.765;3
FA
55.638;0
55.714;0
55.783;0
55.857;0
55.928;0
55.999;0
Mn
56.074;0
56.142;0
56.219;0
56.292;0
56.359;0
56.441;0
56.513;0
56.582;0
56.661;0
56.73;0
56.805;0
56.875;0
56.949;0
57.019;0
57.092;0
vMx
57.163;1
57.234;1
57.312;2
57.384;2
57.459;2
57.534;2
FA
57.608;0
57.673;0
57.751;0
57.822;0
57.895;0
57.966;0
58.041;0
58.112;0
58.184;0
58.26;0
58.339;0
58.408;0
Mn
58.473;0
Mx
58.55;0
58.625;0
58.697;0
58.767;0
58.842;0
58.917;0
58.987;0
59.064;0
59.134;0
Mn
59.215;0
59.285;0
59.357;0
59.426;0
59.499;0
59.571;0
59.646;0
59.717;0
59.787;0
59.861;0
59.929;0
60.006;0
60.087;0
vMx
60.153;1
60.221;1
60.297;2
60.372;2
60.442;2
60.518;2
60.591;3
60.67;3
60.737;3
60.807;3
60.882;4
60.953;4
61.025;4
61.098;4
Mn
61.175;5
Mx
61.249;5
61.322;5
61.392;5
61.466;6
61.539;6
61.607;6
61.678;6
61.756;6
61.827;7
61.904;7
61.975;7
Mn
62.043;7
62.118;8
62.192;8
62.263;8
62.337;8
62.41;9
62.479;9
62.557;9
62.629;9
62.703;10
62.781;10
62.849;10
62.924;10
62.991;1
63.062;1
vMx
63.141;1
63.211;1
63.289;2
63.357;2
63.43;2
63.504;2
63.575;3
63.648;3
63.723;3
63.797;3
63.866;4
63.938;4
64.01;4
64.083;4
64.16;5
64.227;5
64.301;5
64.378;5
64.445;5
64.519;6
64.597;6
64.661;6
64.739;6
64.813;7
64.887;7
64.957;7
65.03;7
Mn
65.1;8
65.176;8
65.25;8
65.319;8
65.393;9
FA
65.465;0
65.543;0
65.614;0
65.684;0
65.753;0
65.827;0
65.907;0
65.977;0
66.044;0
66.117;0
66.194;0
66.266;0
66.337;0
66.412;0
66.486;0
vMx
66.553;1
66.631;1
66.702;1
66.776;2
FA
66.849;0
66.923;0
66.993;0
67.066;0
67.139;0
67.214;0
67.286;0
67.357;0
67.427;0
67.504;0
67.578;0
67.65;0
Mn
67.719;0
Mx
67.793;0
67.868;0
67.939;0
68.012;0
68.09;0
Mn
68.159;0
68.234;0
68.302;0
Mx
68.378;0
68.452;0
68.52;0
Mn
68.597;0
68.668;0
68.741;0
68.815;0
68.888;0
68.96;0
69.032;0
69.106;0
69.177;0
vMx
69.249;1
69.323;1
69.398;2
FA
69.471;0
69.548;0
69.621;0
69.691;0
69.76;0
69.833;0
69.903;0
69.98;0
70.052;0
70.134;0
70.203;0
70.27;0
70.344;0
70.413;0
70.487;0
70.566;0
70.634;0
70.712;0
70.785;0
70.857;0
70.925;0
70.999;0
71.073;0
Mn
71.146;0
71.215;0
71.287;0
71.364;0
71.436;0
71.512;0
71.581;0
71.653;0
71.724;0
71.805;0
71.869;0
71.942;0
72.021;0
72.092;0
72.165;0
72.237;0
vMx
72.319;1
72.381;1
72.454;2
72.528;2
72.598;2
Mn
72.674;2
72.746;3
Mx
72.817;3
72.897;3
72.962;3
73.038;3
73.114;4
73.183;4
73.257;4
73.33;4
73.4;5
73.474;5
73.554;5
73.623;5
73.695;6
73.766;6
73.841;6
Mn
73.917;6
73.991;7
74.058;7
74.13;7
Mx
74.203;7
74.276;8
Mn
74.348;8
74.419;8
FA
74.492;0
74.569;0
74.639;0
74.715;0
74.785;0
74.856;0
74.93;0
75.005;0
75.078;0
vMx
75.151;1
75.23;1
75.297;2
75.367;2
75.443;2
75.512;2
75.588;3
75.658;3
75.738;3
75.803;3
75.887;4
75.962;4
76.026;4
76.097;4
76.171;5
76.247;5
76.317;5
76.394;6
76.462;6
76.537;6
76.608;6
76.68;7
76.754;7
76.826;7
Mn
76.895;7
Mx
76.972;8
77.046;8
Mn
77.117;8
77.189;8
77.266;9
77.335;9
77.409;9
77.48;9
77.554;10
77.63;10
77.706;10
77.773;10
77.851;1
vMx
77.918;1
77.989;1
78.072;2
78.148;2
78.208;2
78.288;2
78.358;3
78.433;3
78.502;3
FA
78.572;0
78.649;0
78.725;0
78.794;0
78.866;0
78.938;0
79.017;0
79.086;0
79.156;0
79.23;0
79.303;0
Mn
79.375;0
79.448;0
Mx
79.524;0
79.598;0
Mn
79.672;0
79.742;0
79.815;0
79.888;0
Mx
79.958;0
80.031;0
80.105;0
Mn
80.187;0
80.253;0
80.327;0
80.399;0
80.469;0
80.548;0
80.62;0
80.695;0
80.761;0
80.842;0
80.91;0
80.985;0
81.056;0
vMx
81.125;1
81.198;1
81.273;2
81.345;2
81.423;2
81.494;2
81.57;2
81.637;3
81.71;3
81.787;3
81.857;3
81.933;4
82.006;4
82.076;4
82.15;4
Mn
82.223;4
Mx
82.297;5
82.368;5
82.439;5
82.512;5
82.581;6
82.659;6
82.732;6
82.806;6
82.878;7
82.951;7
Mn
83.019;7
FA
83.098;0
83.17;0
83.239;0
83.313;0
83.387;0
83.462;0
83.533;0
83.605;0
83.677;0
83.751;0
83.826;0
83.896;0
83.97;0
vMx
84.04;1
84.117;1
84.19;2
84.257;2
84.337;2
84.406;2
84.476;3
84.551;3
84.627;3
84.695;3
84.774;4
84.846;4
84.914;4
84.985;4
85.066;5
85.134;5
85.216;5
85.292;5
85.364;6
85.425;6
85.499;6
85.571;6
Mn
85.654;7
85.729;7
Mx
85.796;7
85.866;7
Mn
85.938;8
Mx
86.008;8
Mn
86.083;8
FA
86.159;0
86.226;0
86.297;0
86.369;0
86.445;0
86.518;0
86.592;0
86.661;0
86.738;0
86.811;0
86.882;0
86.96;0
vMx
87.031;1
87.106;1
87.179;2
87.25;2
87.323;2
87.396;2
87.462;3
87.545;3
87.61;3
87.685;3
87.766;4
87.83;4
87.906;4
87.977;4
88.048;5
88.127;5
88.199;5
88.268;5
88.339;5
88.41;6
Mn
88.489;6
88.556;6
88.638;6
88.71;7
Mx
88.773;7
Mn
88.847;7
88.931;7
88.998;8
89.07;8
89.144;8
89.213;8
FA
89.294;0
89.362;0
89.43;0
89.503;0
89.582;0
89.65;0
89.723;0
89.798;0
89.869;0
vMx
89.939;1
90.011;1
90.084;2
90.156;2
90.231;2
90.306;2
90.379;3
90.452;3
90.521;3
90.598;3
90.671;4
90.746;4
90.816;4
90.891;4
90.965;5
91.037;5
91.105;5
Mn
91.179;5
Mx
91.259;6
91.324;6
91.396;6
91.469;6
91.546;7
91.613;7
91.688;7
Mn
91.761;7
91.833;8
Mx
91.908;8
91.979;8
Mn
92.055;8
92.127;9
92.205;9
92.275;9
92.345;9
92.416;10
92.492;10
92.568;10
92.635;10
92.712;1
FA
92.786;0
92.858;0
vMx
92.931;1
93.001;1
93.073;2
93.144;2
93.22;2
93.295;2
93.373;3
FA
93.445;0
93.514;0
93.582;0
93.656;0
93.725;0
93.806;0
93.877;0
93.95;0
94.021;0
94.095;0
Mn
94.163;0
94.241;0
94.318;0
94.383;0
94.465;0
94.539;0
Mx
94.604;0
94.677;0
94.746;0
94.821;0
94.9;0
94.97;0
95.04;0
Mn
95.113;0
95.182;0
95.254;0
95.331;0
95.405;0
95.472;0
95.553;0
95.624;0
95.693;0
95.77;0
95.84;0
95.914;0
95.989;0
vMx
FA
96.062;0
Mn
96.13;0
96.208;0
vMx
FT
96.282;0
96.35;0
96.427;0
96.498;0
96.574;0
96.644;0
96.717;0
96.789;0
96.858;0
96.936;0
97.006;0
97.081;0
97.156;0
97.224;0
97.299;0
97.375;0
97.447;0
97.516;0
97.597;0
97.667;0
97.731;0
97.809;0
97.875;0
97.955;0
Mn
98.03;0
98.102;0
98.174;0
98.25;0
98.317;0
98.391;0
98.464;0
98.536;0
98.613;0
98.683;0
98.761;0
98.829;0
98.902;0
98.982;0
99.059;0
99.128;0
vMx
FT
99.189;0
99.263;0
99.339;0
99.406;0
99.489;0
99.557;0
99.629;0
99.7;0
99.776;0
99.847;0
99.922;0
99.994;0
100.063;0
100.143;0
100.214;0
100.283;0
100.36;0
100.436;0
100.498;0
100.577;0
100.651;0
100.72;0
100.794;0
100.868;0
100.936;0
101.018;0
101.09;0
101.158;0
Mn
101.231;0
101.309;0
101.378;0
101.447;0
101.521;0
101.592;0
101.667;0
101.743;0
101.811;0
101.889;0
101.962;0
102.029;0
102.1;0
102.178;0
102.25;0
102.326;0
102.396;0
102.468;0
102.546;0
102.616;0
vMx
102.688;1
102.762;1
102.832;1
102.903;2
102.975;2
103.05;2
103.127;2
103.194;2
103.268;3
103.341;3
103.411;3
103.487;3
103.556;3
103.632;4
103.707;4
103.786;4
103.85;4
103.924;5
Mn
104.005;5
Mx
104.067;5
104.148;5
104.22;5
104.286;6
Mn
104.36;6
FA
104.436;0
104.509;0
104.582;0
104.662;0
104.727;0
104.803;0
104.871;0
104.941;0
105.021;0
105.089;0
105.162;0
105.234;0
105.308;0
105.378;0
105.451;0
vMx
105.525;1
105.603;1
105.677;2
105.748;2
105.826;2
105.892;2
105.971;3
106.035;3
106.108;3
106.18;3
106.255;4
FA
106.325;0
106.397;0
106.472;0
106.545;0
106.619;0
Mn
106.689;0
106.765;0
106.834;0
vMx
FT
106.912;0
106.981;0
107.055;0
107.126;0
107.2;0
107.272;0
Mn
107.349;0
107.423;0
107.495;0
107.571;0
107.64;0
107.712;0
107.785;0
107.856;0
107.927;0
108.008;0
108.076;0
108.148;0
108.218;0
108.295;0
108.376;0
vMx
FT
108.439;0
108.524;0
108.585;0
108.659;0
108.732;0
108.808;0
108.877;0
108.951;0
109.03;0
109.093;0
109.165;0
109.241;0
109.312;0
109.385;0
109.457;0
Mn
109.535;0
Mx
109.61;0
109.686;0
109.75;0
109.822;0
109.897;0
109.974;0
110.041;0
110.114;0
110.19;0
110.262;0
110.331;0
110.404;0
Mn
110.477;0
110.551;0
110.624;0
110.698;0
110.771;0
110.848;0
110.918;0
110.987;0
111.062;0
111.135;0
111.205;0
111.279;0
111.354;0
111.424;0
111.502;0
111.574;0
111.644;0
111.717;0
vMx
FT
111.792;0
111.862;0
111.938;0
Mn
112.011;0
Mx
112.079;0
112.153;0
112.234;0
112.298;0
112.372;0
112.444;0
112.522;0
112.593;0
112.667;0
112.737;0
112.81;0
112.881;0
112.957;0
113.027;0
113.1;0
113.177;0
113.259;0
113.318;0
113.394;0
Mn
113.468;0
Mx
113.54;0
Mn
113.616;0
113.69;0
Mx
113.766;0
Mn
113.833;0
113.906;0
113.984;0
114.048;0
114.123;0
114.197;0
114.269;0
114.346;0
114.42;0
114.489;0
114.566;0
114.635;0
vMx
FA
114.708;0
114.782;0
114.859;0
114.926;0
114.997;0
115.069;0
115.144;0
115.222;0
115.296;0
115.36;0
115.437;0
115.512;0
115.586;0
115.66;0
Mn
115.734;0
Mx
115.803;0
115.879;0
115.949;0
116.018;0
Mn
116.093;0
116.171;0
Mx
116.243;0
116.316;0
116.387;0
116.457;0
Mn
116.53;0
Mx
116.606;0
116.68;0
Mn
116.753;0
116.829;0
116.899;0
116.967;0
117.041;0
117.119;0
117.195;0
117.26;0
117.332;0
117.411;0
117.484;0
117.55;0
117.627;0
117.696;0
117.771;0
117.84;0
117.913;0
117.99;0
vMx
118.062;1
118.138;1
118.207;1
118.285;2
118.351;2
118.424;2
118.5;2
Mn
FA
118.574;0
118.642;0
vMx
FT
118.719;0
118.793;0
118.863;0
118.935;0
119.01;0
119.082;0
119.149;0
119.222;0
119.297;0
119.379;0
Mn
119.449;0
119.523;0
119.595;0
119.664;0
Mx
119.743;0
Mn
119.811;0
119.888;0
119.962;0
Mx
120.035;0
Mn
120.105;0
120.177;0
120.249;0
120.317;0
120.389;0
120.472;0
120.543;0
120.611;0
120.685;0
120.76;0
120.834;0
120.904;0
120.978;0
121.048;0
121.122;0
121.196;0
121.271;0
vMx
FT
121.345;0
121.412;0
121.482;0
121.556;0
121.637;0
121.704;0
121.78;0
121.854;0
121.919;0
121.996;0
122.068;0
122.139;0
122.208;0
122.282;0
122.36;0
122.433;0
Mn
122.506;0
Mx
122.572;0
122.651;0
122.727;0
122.791;0
Mn
122.877;0
Mx
122.95;0
123.013;0
123.085;0
123.161;0
123.229;0
123.306;0
123.383;0
Mn
123.448;0
123.526;0
123.596;0
123.665;0
123.742;0
123.817;0
123.885;0
123.96;0
124.03;0
124.105;0
124.18;0
124.256;0
124.329;0
124.394;0
124.475;0
124.541;0
124.611;0
124.694;0
vMx
FT
124.757;0
124.835;0
124.905;0
124.976;0
125.063;0
125.131;0
125.201;0
125.271;0
125.347;0
125.413;0
125.492;0
125.563;0
125.632;0
125.701;0
125.779;0
125.852;0
125.931;0
126;0
126.068;0
126.145;0
126.219;0
126.286;0
Mn
126.358;0
126.435;0
Mx
126.507;0
126.58;0
126.652;0
Mn
126.726;0
126.797;0
126.87;0
126.94;0
127.018;0
127.089;0
127.158;0
127.237;0
127.31;0
127.379;0
127.453;0
127.525;0
127.594;0
127.67;0
127.743;0
vMx
127.814;1
127.892;1
Mn
127.965;2
vMx
FT
128.033;0
128.109;0
128.181;0
128.26;0
128.325;0
128.403;0
128.475;0
128.543;0
128.617;0
128.689;0
128.763;0
128.837;0
128.905;0
128.978;0
129.053;0
129.126;0
129.195;0
129.27;0
129.345;0
129.415;0
Mn
129.489;0
129.564;0
Mx
129.633;0
Mn
129.707;0
129.78;0
129.858;0
129.924;0
130;0
130.076;0
130.145;0
130.215;0
130.295;0
130.37;0
130.442;0
130.509;0
130.588;0
130.654;0
130.725;0
130.805;0
130.872;0
130.946;0
131.02;0
131.092;0
131.166;0
131.235;0
vMx
FT
131.308;0
131.39;0
131.464;0
131.529;0
131.601;0
131.68;0
131.75;0
131.818;0
131.892;0
131.964;0
132.036;0
132.11;0
132.184;0
132.255;0
132.329;0
132.4;0
132.474;0
132.545;0
132.62;0
132.699;0
132.764;0
132.837;0
132.913;0
132.983;0
Mn
133.055;0
133.129;0
133.204;0
133.275;0
133.347;0
Mx
133.42;0
Mn
133.496;0
133.572;0
133.642;0
133.714;0
133.792;0
133.858;0
133.935;0
134.01;0
134.081;0
134.149;0
134.231;0
134.3;0
134.366;0
134.443;0
vMx
134.513;1
134.591;1
134.658;2
134.739;2
134.807;2
134.879;2
134.954;2
135.033;3
135.101;3
135.17;3
135.24;3
135.314;4
135.391;4
135.461;4
135.532;4
135.608;4
135.677;5
135.758;5
135.827;5
135.899;5
135.97;6
136.044;6
Mn
136.115;6
136.189;6
Mx
136.265;7
Mn
136.333;7
136.409;7
136.483;7
136.551;7
136.626;8
136.701;8
136.773;8
FA
136.845;0
136.919;0
136.991;0
137.064;0
137.137;0
137.209;0
137.283;0
137.355;0
137.43;0
137.503;0
vMx
137.575;1
FA
137.646;0
Mn
137.72;0
vMx
FT
137.791;0
137.866;0
137.938;0
138.01;0
138.082;0
138.157;0
138.236;0
138.304;0
138.38;0
138.45;0
138.522;0
138.592;0
138.666;0
138.737;0
138.812;0
138.884;0
138.959;0
139.031;0
139.106;0
139.177;0
139.255;0
139.329;0
139.394;0
139.467;0
139.539;0
Mn
139.615;0
139.688;0
139.761;0
139.833;0
139.911;0
139.979;0
140.052;0
140.123;0
140.205;0
140.267;0
140.348;0
140.418;0
140.492;0
140.57;0
140.64;0
140.708;0
140.784;0
140.855;0
140.927;0
140.999;0
141.072;0
vMx
FT
141.148;0
141.222;0
141.295;0
141.367;0
141.442;0
141.512;0
141.58;0
141.66;0
141.733;0
141.802;0
141.877;0
141.951;0
142.022;0
142.095;0
142.168;0
142.24;0
142.313;0
142.387;0
142.456;0
142.534;0
142.615;0
142.677;0
142.748;0
142.824;0
142.896;0
142.97;0
Mn
143.042;0
143.115;0
143.192;0
143.264;0
143.333;0
143.407;0
143.48;0
143.55;0
143.628;0
143.706;0
143.77;0
143.844;0
143.916;0
143.989;0
144.061;0
vMx
FA
144.133;0
144.206;0
144.286;0
144.36;0
144.423;0
144.506;0
144.57;0
144.643;0
144.717;0
144.794;0
144.866;0
144.94;0
145.014;0
145.082;0
145.158;0
145.234;0
145.303;0
145.377;0
145.449;0
145.519;0
145.593;0
145.664;0
145.74;0
145.817;0
Mn
145.888;0
Mx
145.963;0
Mn
146.034;0
146.108;0
146.182;0
146.257;0
146.325;0
146.392;0
146.472;0
146.547;0
146.618;0
146.693;0
146.769;0
146.833;0
146.904;0
146.986;0
147.051;0
vMx
FA
147.129;0
147.203;0
147.268;0
147.345;0
147.416;0
147.49;0
Mn
147.569;0
147.642;0
147.715;0
147.785;0
147.859;0
vMx
FT
147.925;0
148.003;0
148.08;0
148.148;0
148.224;0
148.296;0
148.366;0
148.444;0
148.515;0
148.582;0
148.658;0
148.73;0
Mn
148.803;0
148.875;0
148.951;0
149.022;0
149.093;0
149.163;0
vMx
FT
149.242;0
149.315;0
Mn
149.389;0
149.457;0
149.535;0
149.61;0
149.681;0
149.753;0
149.829;0
149.895;0
149.973;0
150.044;0
150.114;0
150.191;0
150.261;0
150.34;0
vMx
FT
150.409;0
150.481;0
150.555;0
150.629;0
150.7;0
150.769;0
150.846;0
150.916;0
150.989;0
151.065;0
151.136;0
151.207;0
Mn
151.282;0
151.354;0
Mx
151.432;0
151.5;0
151.573;0
151.652;0
151.727;0
151.8;0
151.868;0
Mn
151.939;0
Mx
152.011;0
152.083;0
152.156;0
152.233;0
152.301;0
152.381;0
152.45;0
152.525;0
Mn
152.593;0
152.669;0
152.737;0
152.81;0
152.881;0
152.956;0
153.034;0
153.107;0
153.177;0
153.252;0
153.321;0
153.389;0
153.467;0
153.54;0
153.61;0
vMx
FT
153.688;0
153.757;0
153.831;0
153.906;0
153.975;0
154.048;0
154.126;0
154.202;0
154.269;0
154.342;0
154.412;0
154.483;0
154.56;0
154.632;0
154.701;0
154.777;0
154.852;0
154.921;0
154.995;0
155.066;0
155.138;0
155.211;0
155.283;0
155.36;0
155.431;0
155.509;0
155.576;0
155.653;0
155.729;0
Mn
155.797;0
155.869;0
155.936;0
156.013;0
156.091;0
156.156;0
156.235;0
156.305;0
156.375;0
156.451;0
156.524;0
156.596;0
156.666;0
156.739;0
156.813;0
156.883;0
vMx
156.954;1
FA
157.029;0
157.099;0
157.174;0
157.25;0
157.322;0
157.398;0
157.472;0
157.544;0
157.614;0
157.69;0
157.76;0
157.835;0
157.905;0
157.975;0
158.05;0
158.122;0
158.195;0
158.266;0
158.341;0
158.411;0
158.489;0
158.56;0
158.632;0
158.704;0
158.783;0
158.852;0
Mn
158.926;0
158.997;0
159.073;0
159.145;0
159.218;0
159.295;0
159.365;0
159.437;0
159.505;0
159.579;0
159.652;0
159.726;0
159.804;0
159.872;0
159.945;0
160.018;0
160.091;0
160.159;0
160.234;0
160.306;0
vMx
FA
160.378;0
160.453;0
160.527;0
160.598;0
160.676;0
160.744;0
160.814;0
160.892;0
160.967;0
161.036;0
161.114;0
161.184;0
161.251;0
161.333;0
161.4;0
161.481;0
161.548;0
161.622;0
161.691;0
161.764;0
161.836;0
161.912;0
161.979;0
162.058;0
162.131;0
162.201;0
162.274;0
162.342;0
162.424;0
162.493;0
162.571;0
162.638;0
162.71;0
162.784;0
162.857;0
162.93;0
Mn
162.998;0
163.074;0
163.152;0
163.217;0
163.292;0
163.367;0
163.439;0
163.51;0
163.586;0
163.657;0
163.736;0
163.807;0
163.876;0
163.955;0
164.021;0
164.091;0
164.172;0
vMx
FA
164.244;0
164.319;0
164.386;0
164.46;0
164.528;0
164.605;0
164.683;0
164.751;0
164.822;0
164.896;0
164.968;0
165.04;0
165.118;0
165.187;0
165.258;0
165.333;0
165.401;0
165.477;0
165.548;0
Mn
165.623;0
Mx
165.703;0
165.768;0
165.842;0
165.913;0
165.99;0
166.057;0
Mn
166.135;0
166.207;0
166.277;0
166.35;0
166.424;0
166.496;0
166.57;0
166.643;0
166.713;0
166.788;0
166.863;0
166.934;0
167.007;0
167.085;0
167.156;0
vMx
167.228;1
Mn
167.304;1
167.371;2
vMx
FT
167.442;0
167.516;0
167.591;0
167.665;0
167.734;0
167.809;0
167.892;0
167.956;0
168.024;0
168.101;0
168.177;0
168.247;0
168.321;0
168.393;0
168.465;0
168.539;0
168.613;0
168.685;0
168.761;0
168.829;0
168.898;0
168.973;0
169.049;0
169.121;0
Mn
169.197;0
169.265;0
Mx
169.338;0
Mn
169.411;0
169.486;0
169.559;0
169.631;0
169.71;0
169.773;0
169.845;0
169.929;0
169.995;0
170.068;0
170.141;0
170.211;0
170.287;0
vMx
FT
170.365;0
170.43;0
170.503;0
170.576;0
170.647;0
170.723;0
170.797;0
170.867;0
170.941;0
171.013;0
171.087;0
171.161;0
171.234;0
171.303;0
171.379;0
171.457;0
171.526;0
171.601;0
171.672;0
171.742;0
171.819;0
Mn
171.894;0
171.963;0
172.034;0
172.106;0
172.185;0
172.259;0
172.333;0
172.403;0
172.473;0
172.548;0
172.618;0
172.691;0
172.766;0
172.843;0
172.913;0
172.989;0
173.056;0
vMx
FA
173.137;0
173.203;0
173.276;0
173.347;0
173.42;0
173.491;0
173.567;0
173.649;0
173.713;0
173.783;0
173.857;0
173.933;0
174.004;0
174.08;0
174.147;0
174.219;0
174.293;0
174.369;0
174.442;0
174.514;0
174.584;0
Mn
174.662;0
Mx
174.73;0
174.801;0
174.881;0
174.95;0
175.022;0
175.098;0
175.169;0
175.244;0
Mn
175.314;0
175.386;0
175.462;0
175.532;0
175.607;0
175.679;0
175.752;0
175.825;0
175.896;0
175.97;0
176.05;0
176.112;0
176.19;0
176.263;0
176.336;0
176.419;0
176.487;0
176.554;0
176.636;0
176.699;0
176.774;0
vMx
FT
176.847;0
176.923;0
176.991;0
177.063;0
177.138;0
177.214;0
177.286;0
177.36;0
177.436;0
177.501;0
177.575;0
177.646;0
177.723;0
177.798;0
177.87;0
177.938;0
178.023;0
178.093;0
178.159;0
Mn
178.228;0
178.299;0
Mx
178.376;0
178.446;0
178.524;0
178.598;0
Mn
178.679;0
178.742;0
Mx
178.816;0
Mn
178.893;0
178.962;0
179.034;0
179.106;0
179.176;0
179.252;0
179.326;0
179.396;0
179.469;0
179.547;0
179.616;0
179.696;0
179.769;0
179.84;0
179.911;0
179.984;0
180.051;0
vMx
180.127;1
180.204;1
180.277;1
180.346;2
180.421;2
180.494;2
180.567;2
180.644;3
180.713;3
180.786;3
180.862;3
180.926;3
181.003;4
181.079;4
181.145;4
181.225;4
181.293;5
181.368;5
181.438;5
181.513;5
181.587;5
181.657;6
181.729;6
Mn
181.805;6
181.884;6
181.956;7
182.025;7
182.094;7
182.177;7
182.242;7
182.318;8
182.393;8
182.465;8
182.539;8
FA
182.613;0
182.683;0
182.751;0
182.826;0
182.9;0
182.967;0
183.041;0
vMx
183.119;1
183.19;1
183.259;2
183.332;2
183.41;2
183.483;2
183.552;3
183.63;3
183.698;3
183.767;3
183.847;4
183.921;4
183.991;4
184.064;4
184.142;5
184.211;5
184.286;5
184.357;5
184.425;6
184.498;6
184.575;6
184.65;6
184.726;7
184.794;7
184.865;7
Mn
184.944;7
185.012;7
185.085;8
185.155;8
185.231;8
185.302;8
185.376;9
FA
185.457;0
185.524;0
185.598;0
185.666;0
185.743;0
185.813;0
185.885;0
185.956;0
186.033;0
vMx
186.108;1
186.177;1
186.255;2
186.323;2
186.396;2
186.473;2
186.549;3
186.609;3
186.691;3
186.759;3
186.832;4
186.901;4
186.981;4
187.054;4
187.125;5
187.204;5
187.27;5
187.342;5
187.415;5
187.488;6
187.558;6
187.634;6
187.705;6
187.777;7
187.856;7
187.927;7
Mn
187.999;7
188.077;8
188.145;8
188.216;8
188.29;8
FA
188.364;0
188.435;0
188.502;0
188.581;0
188.658;0
Mx
188.726;0
Mn
188.799;0
188.869;0
188.945;0
189.024;0
189.098;0
189.171;0
189.236;0
vMx
FA
189.316;0
189.381;0
189.453;0
189.528;0
189.605;0
189.677;0
189.747;0
189.821;0
189.894;0
189.968;0
190.038;0
190.113;0
190.179;0
190.263;0
190.328;0
190.408;0
190.473;0
190.551;0
190.618;0
190.701;0
Mn
190.77;0
190.841;0
Mx
190.911;0
Mn
190.989;0
191.06;0
191.135;0
191.202;0
191.279;0
191.349;0
191.428;0
191.494;0
191.572;0
191.64;0
191.723;0
191.789;0
191.86;0
191.932;0
192.003;0
192.075;0
vMx
FA
192.148;0
192.223;0
192.294;0
192.37;0
192.441;0
192.518;0
192.589;0
192.663;0
Mn
192.733;0
Mx
192.807;0
192.881;0
192.952;0
Mn
193.022;0
Mx
193.098;0
193.172;0
193.246;0
193.319;0
193.388;0
193.462;0
193.538;0
Mn
193.614;0
193.684;0
193.753;0
193.825;0
193.898;0
193.974;0
194.045;0
Mx
194.12;0
Mn
194.189;0
Mx
194.264;0
194.335;0
Mn
194.415;0
194.485;0
194.552;0
194.627;0
194.7;0
194.779;0
194.856;0
194.916;0
194.992;0
195.068;0
195.141;0
195.209;0
195.282;0
vMx
FA
195.352;0
195.427;0
195.504;0
195.58;0
195.655;0
195.725;0
195.799;0
195.873;0
195.945;0
196.012;0
196.088;0
196.159;0
196.233;0
196.306;0
196.378;0
196.447;0
196.53;0
196.594;0
196.672;0
196.745;0
196.814;0
196.891;0
196.958;0
197.032;0
197.111;0
Mn
197.185;0
197.258;0
197.322;0
197.392;0
197.473;0
197.545;0
197.612;0
197.694;0
197.762;0
197.838;0
197.91;0
197.985;0
198.049;0
198.124;0
198.206;0
198.275;0
vMx
198.347;1
198.419;1
198.495;2
198.558;2
198.644;2
198.715;2
198.784;3
198.849;3
198.928;3
199;3
199.071;4
199.152;4
Mn
199.224;4
Mx
199.301;4
199.358;4
Mn
199.443;5
Mx
199.506;5
199.583;5
199.657;5
199.723;6
199.804;6
Mn
199.881;6
199.944;6
Mx
200.021;7
200.091;7
200.163;7
FA
200.244;0
200.311;0
Mn
200.382;0
200.456;0
200.523;0
200.602;0
200.674;0
200.75;0
200.822;0
200.899;0
200.968;0
201.039;0
201.115;0
201.188;0
201.261;0
201.329;0
201.405;0
201.476;0
vMx
201.548;1
201.623;1
201.694;2
201.771;2
201.843;2
201.91;2
201.988;2
202.064;3
202.133;3
202.202;3
202.276;3
202.346;4
202.423;4
202.498;4
202.572;4
202.641;4
202.715;5
202.787;5
202.858;5
202.934;5
203.003;6
203.079;6
203.151;6
203.224;6
Mn
203.297;7
203.37;7
203.44;7
203.517;7
203.587;7
203.664;8
203.738;8
203.811;8
203.879;8
203.956;9
204.026;9
204.101;9
204.175;9
204.246;9
204.324;10
204.396;10
204.466;10
204.538;10
204.609;1
vMx
204.685;1
204.751;1
204.827;2
204.909;2
204.971;2
205.048;2
205.122;2
205.193;3
205.262;3
205.339;3
205.414;3
205.492;4
205.561;4
205.628;4
205.702;4
205.772;5
205.848;5
205.921;5
205.991;5
206.065;5
206.143;6
206.209;6
206.284;6
Mn
206.359;6
206.435;7
206.503;7
206.574;7
Mx
206.652;7
206.718;8
Mn
206.796;8
206.873;8
206.939;8
207.017;9
207.094;9
FA
207.159;0
207.237;0
207.303;0
207.373;0
207.46;0
207.526;0
207.599;0
207.67;0
207.739;0
207.815;0
vMx
207.885;1
207.958;1
208.031;2
208.103;2
208.178;2
208.258;2
208.325;2
208.397;3
208.465;3
208.542;3
208.618;3
208.684;4
208.76;4
208.837;4
208.907;4
208.985;5
209.06;5
209.125;5
209.204;5
209.275;5
Mn
209.341;6
Mx
209.419;6
209.489;6
209.559;6
209.632;7
209.708;7
209.779;7
209.855;7
209.929;7
209.999;8
Mn
210.077;8
210.145;8
210.217;8
210.294;9
210.371;9
210.435;9
210.509;9
210.581;9
210.655;10
210.733;10
210.798;10
210.869;10
FA
210.949;0
211.023;0
211.091;0
211.167;0
vMx
FA
211.239;0
211.309;0
211.388;0
211.462;0
211.532;0
211.601;0
211.68;0
211.745;0
211.819;0
211.895;0
211.966;0
212.044;0
212.115;0
212.187;0
212.263;0
212.333;0
212.4;0
212.477;0
212.557;0
Mn
212.62;0
212.694;0
Mx
212.767;0
212.84;0
212.913;0
212.983;0
213.06;0
213.13;0
213.205;0
213.28;0
Mn
213.35;0
213.428;0
213.493;0
213.572;0
213.645;0
213.714;0
213.787;0
213.86;0
213.933;0
214.006;0
214.078;0
214.152;0
214.224;0
214.305;0
214.366;0
214.45;0
214.525;0
vMx
214.588;1
214.657;1
214.737;1
214.81;2
214.88;2
214.952;2
215.024;2
215.102;3
215.171;3
215.245;3
215.316;3
215.395;3
215.46;4
215.534;4
215.607;4
215.686;4
215.763;5
Mn
215.834;5
Mx
215.901;5
215.973;5
216.044;5
216.117;6
Mn
216.187;6
Mx
216.264;6
216.338;6
216.408;6
216.491;7
216.555;7
216.628;7
216.701;7
216.774;8
Mn
216.841;8
216.92;8
216.992;8
217.066;8
217.139;9
Mx
217.207;9
Mn
FA
217.292;0
217.36;0
217.431;0
217.502;0
217.573;0
217.645;0
217.721;0
217.796;0
217.868;0
217.939;0
218.017;0
218.082;0
vMx
FA
218.158;0
218.231;0
218.3;0
218.376;0
218.453;0
218.523;0
218.591;0
218.666;0
218.74;0
218.814;0
218.889;0
218.957;0
219.036;0
219.113;0
219.179;0
219.256;0
219.322;0
219.392;0
Mn
219.465;0
219.542;0
219.614;0
Mx
219.687;0
219.759;0
219.833;0
219.905;0
219.979;0
220.052;0
220.123;0
220.197;0
220.268;0
Mn
220.342;0
220.414;0
220.488;0
Mx
220.564;0
Mn
220.635;0
Mx
220.713;0
220.784;0
Mn
220.857;0
220.926;0
221;0
221.076;0
221.147;0
221.221;0
221.293;0
221.363;0
221.44;0
vMx
FA
221.51;0
221.583;0
221.659;0
221.737;0
221.805;0
221.875;0
221.948;0
222.017;0
222.092;0
222.163;0
222.237;0
222.309;0
Mn
222.379;0
222.45;0
Mx
222.531;0
222.598;0
222.682;0
222.748;0
222.823;0
Mn
222.893;0
222.966;0
Mx
223.034;0
223.118;0
223.194;0
223.258;0
223.336;0
223.402;0
223.477;0
223.551;0
223.619;0
Mn
223.693;0
223.763;0
223.833;0
223.906;0
223.981;0
224.062;0
224.138;0
224.205;0
224.275;0
224.35;0
224.418;0
224.495;0
224.568;0
224.64;0
224.711;0
vMx
224.787;1
224.854;1
224.931;1
225.005;2
225.077;2
225.148;2
225.225;2
225.294;3
225.37;3
225.44;3
225.515;3
225.588;4
225.662;4
225.734;4
225.806;4
225.88;4
225.951;5
226.026;5
Mn
226.096;5
226.174;5
226.241;5
Mx
226.318;6
226.388;6
226.463;6
226.535;6
226.611;7
226.677;7
Mn
226.756;7
Mx
226.824;7
226.898;7
Mn
226.974;8
227.046;8
227.12;8
227.188;8
227.262;9
227.336;9
227.409;9
FA
227.481;0
227.553;0
227.629;0
227.697;0
227.775;0
227.845;0
227.918;0
227.988;0
vMx
228.067;1
228.136;1
228.211;2
228.284;2
228.357;2
228.428;2
228.498;2
228.574;3
228.653;3
228.718;3
228.794;3
228.869;4
228.943;4
229.011;4
229.078;4
229.158;4
229.235;5
229.302;5
229.375;5
Mn
229.447;5
Mx
229.517;5
229.599;6
229.669;6
229.741;6
229.813;6
229.892;7
229.962;7
230.038;7
230.104;7
230.176;7
Mn
FA
230.249;0
230.322;0
230.398;0
230.472;0
230.542;0
230.614;0
230.688;0
230.761;0
230.832;0
230.907;0
230.978;0
231.054;0
231.126;0
231.197;0
231.27;0
231.347;0
231.412;0
vMx
231.489;1
231.561;1
231.633;1
231.712;2
231.788;2
231.856;2
231.93;2
232.003;3
232.072;3
232.145;3
232.215;3
232.294;3
232.368;4
232.436;4
232.509;4
232.58;4
232.658;4
232.724;5
232.802;5
232.877;5
232.95;5
233.021;5
233.091;6
233.164;6
233.236;6
233.308;6
233.382;7
Mn
233.461;7
233.531;7
Mx
233.601;7
233.675;7
233.752;8
Mn
233.819;8
233.893;8
233.965;8
234.037;8
234.107;9
234.188;9
234.259;9
234.325;9
234.408;10
234.471;10
234.545;10
FA
234.619;0
vMx
234.692;1
234.769;1
234.841;2
234.911;2
234.979;2
235.054;2
235.132;2
235.213;3
Mn
235.278;3
Mx
235.349;3
235.421;3
235.497;4
235.569;4
235.642;4
235.713;4
235.785;4
235.858;5
235.931;5
Mn
236.005;5
236.078;5
Mx
236.157;6
236.22;6
236.294;6
236.37;6
236.441;7
236.515;7
FA
236.588;0
236.661;0
Mn
236.727;0
236.805;0
236.882;0
236.955;0
237.027;0
237.098;0
237.171;0
237.244;0
237.314;0
237.393;0
237.464;0
237.538;0
237.607;0
237.678;0
237.759;0
237.83;0
237.906;0
vMx
237.975;1
238.05;1
238.12;1
238.188;2
238.267;2
238.347;2
238.409;2
238.478;3
238.556;3
238.627;3
238.703;3
238.775;3
238.848;4
238.923;4
238.993;4
239.064;4
239.142;5
239.214;5
239.28;5
239.356;5
239.426;5
239.502;6
239.578;6
239.646;6
239.72;6
Mn
239.793;7
239.869;7
239.937;7
Mx
240.007;7
240.085;7
Mn
240.16;8
240.235;8
240.308;8
240.374;8
240.446;9
240.52;9
240.593;9
240.665;9
240.74;9
FA
240.814;0
240.887;0
240.964;0
241.034;0
241.108;0
241.177;0
vMx
241.254;1
241.324;1
241.403;2
241.466;2
241.541;2
241.618;2
241.69;2
241.759;3
241.834;3
241.906;3
241.974;3
242.055;3
242.123;4
242.202;4
242.274;4
242.344;4
242.415;5
242.488;5
242.56;5
242.631;5
242.704;5
242.781;6
242.853;6
242.925;6
243.001;6
243.075;7
Mn
243.147;7
243.217;7
243.295;7
243.366;7
243.435;8
243.51;8
243.586;8
243.653;8
243.728;9
243.797;9
243.878;9
243.944;9
244.019;9
244.093;10
244.168;10
244.24;10
244.309;10
244.38;1
vMx
244.46;1
244.53;1
244.605;2
244.676;2
244.744;2
244.818;2
244.891;2
244.968;3
245.044;3
245.112;3
Mn
245.18;3
Mx
245.256;4
245.332;4
245.401;4
245.477;4
245.549;4
245.62;5
245.698;5
245.77;5
245.841;5
245.915;6
245.984;6
246.06;6
246.13;6
246.204;7
246.275;7
Mn
246.351;7
246.42;7
246.493;7
246.575;8
246.641;8
246.714;8
246.785;8
246.859;9
246.929;9
FA
247.007;0
247.083;0
247.151;0
247.226;0
247.298;0
vMx
247.369;1
247.441;1
247.515;2
247.584;2
247.664;2
Mn
247.738;2
247.804;3
Mx
247.872;3
247.957;3
248.025;3
248.096;4
248.171;4
248.247;4
248.321;4
248.386;5
248.462;5
248.535;5
248.609;5
248.679;6
248.753;6
248.824;6
248.898;6
248.97;7
Mn
249.049;7
249.118;7
Mx
249.195;7
249.258;8
249.332;8
249.404;8
Mn
249.48;8
249.554;9
249.631;9
249.704;9
249.773;9
FA
249.84;0
249.916;0
249.994;0
250.063;0
250.141;0
250.211;0
250.286;0
250.36;0
250.431;0
vMx
250.502;1
250.581;1
250.646;2
250.719;2
250.793;2
250.861;2
250.935;2
251.01;3
251.084;3
251.162;3
251.235;3
251.301;4
251.379;4
251.447;4
251.519;4
251.597;5
251.67;5
251.743;5
251.81;5
251.886;5
251.957;6
252.036;6
252.102;6
252.174;6
252.248;7
Mn
252.329;7
252.398;7
252.467;7
252.54;8
252.614;8
252.687;8
252.762;8
252.838;9
252.913;9
252.985;9
253.056;9
FA
253.121;0
253.202;0
253.27;0
253.348;0
253.418;0
vMx
253.489;1
253.564;1
253.636;2
253.71;2
253.785;2
253.858;2
253.925;3
254.003;3
254.073;3
254.141;3
254.219;4
254.291;4
254.36;4
254.434;4
254.507;4
254.576;5
254.652;5
254.731;5
254.801;5
254.87;6
254.947;6
255.018;6
255.089;6
Mn
255.159;7
255.236;7
255.311;7
255.383;7
255.454;8
255.532;8
255.612;8
255.677;8
255.748;9
255.823;9
255.891;9
255.965;9
FA
256.043;0
256.108;0
256.179;0
256.259;0
256.332;0
256.406;0
256.475;0
vMx
256.553;1
256.62;1
256.69;2
256.763;2
256.839;2
256.913;2
256.988;3
257.06;3
257.135;3
257.2;3
257.273;3
257.35;4
257.421;4
257.494;4
257.566;4
257.643;5
257.717;5
257.788;5
257.859;5
257.931;6
Mn
258.004;6
258.078;6
Mx
258.151;6
258.22;7
258.292;7
Mn
258.369;7
Mx
258.447;7
258.512;8
Mn
258.587;8
258.665;8
258.735;8
258.803;8
258.879;9
258.954;9
259.028;9
259.098;9
259.166;10
259.243;10
259.313;10
259.387;10
259.462;1
259.536;1
259.606;1
FA
259.679;0
vMx
259.754;1
259.824;1
259.904;2
259.973;2
260.044;2
260.116;2
260.191;2
260.264;3
260.336;3
260.407;3
260.477;3
260.559;4
260.638;4
260.703;4
260.768;4
260.847;4
260.922;5
260.999;5
261.07;5
261.137;5
261.215;6
Mn
261.285;6
261.356;6
261.434;6
261.499;7
261.575;7
Mx
261.648;7
Mn
261.724;7
261.789;7
261.865;8
261.938;8
262.009;8
262.083;8
262.153;9
262.236;9
262.306;9
262.38;9
262.448;9
262.526;10
262.596;10
262.67;10
vMx
262.746;1
262.811;1
262.883;2
262.956;2
263.028;2
263.107;2
263.177;3
263.248;3
263.324;3
263.402;3
263.471;4
263.54;4
263.613;4
263.687;4
263.765;5
263.834;5
263.908;5
263.978;5
264.049;5
264.128;6
264.196;6
Mn
264.273;6
Mx
264.349;6
264.418;7
Mn
264.486;7
264.565;7
264.632;7
264.706;8
264.781;8
264.854;8
264.927;8
264.999;9
265.068;9
265.141;9
265.217;9
265.29;10
265.361;10
265.43;10
265.507;10
265.582;1
265.654;1
vMx
265.726;1
265.799;1
265.877;2
265.946;2
266.021;2
266.093;2
266.163;3
266.242;3
266.312;3
266.383;3
266.457;4
266.529;4
266.6;4
266.671;4
266.753;5
266.819;5
266.89;5
266.965;5
267.038;5
267.109;6
267.182;6
267.261;6
267.333;6
267.4;7
267.474;7
267.552;7
FA
267.624;0
267.69;0
267.764;0
Mn
267.836;0
267.911;0
267.98;0
268.063;0
268.129;0
268.203;0
268.273;0
268.347;0
268.424;0
268.497;0
268.566;0
268.636;0
268.711;0
268.784;0
268.858;0
268.936;0
269;0
269.082;0
vMx
269.152;1
269.221;1
269.296;1
269.37;2
269.441;2
269.513;2
269.59;2
269.66;3
269.741;3
269.801;3
269.883;3
269.956;3
270.027;4
270.099;4
270.163;4
270.247;4
270.316;4
270.385;5
270.464;5
270.533;5
270.614;5
270.679;6
270.75;6
270.825;6
Mn
270.9;6
270.971;6
271.044;7
271.115;7
271.189;7
271.262;7
271.334;7
271.414;8
271.485;8
271.556;8
271.627;8
FA
271.702;0
271.772;0
271.844;0
271.921;0
271.993;0
272.068;0
272.149;0
272.219;0
vMx
272.286;1
272.359;1
272.438;2
272.504;2
272.579;2
272.651;2
272.721;2
272.799;3
272.874;3
272.941;3
273.014;3
273.088;4
273.155;4
273.233;4
273.3;4
273.378;5
273.449;5
273.522;5
273.596;5
273.669;5
273.74;6
Mn
273.812;6
273.887;6
Mx
273.971;6
Mn
274.032;7
274.106;7
274.176;7
274.248;7
274.322;8
274.392;8
274.47;8
274.539;8
274.611;8
274.686;9
274.759;9
274.832;9
274.901;9
274.981;10
275.048;10
275.119;10
275.196;10
vMx
275.274;1
275.347;1
275.417;2
275.494;2
275.564;2
275.638;2
275.71;3
275.784;3
275.851;3
275.927;3
276.004;4
276.077;4
276.147;4
276.216;4
276.288;5
276.362;5
276.436;5
276.506;5
276.582;6
276.651;6
276.729;6
276.808;6
276.875;7
276.944;7
Mn
277.021;7
277.092;7
277.166;8
277.236;8
277.306;8
277.381;8
277.462;9
277.531;9
277.6;9
277.682;9
277.748;9
277.819;10
277.894;10
277.965;10
vMx
278.04;1
278.111;1
278.184;2
278.253;2
278.33;2
278.402;2
278.474;3
278.548;3
278.62;3
278.693;4
278.77;4
278.843;4
278.914;4
278.985;5
279.056;5
279.129;5
279.2;5
279.281;6
279.347;6
279.421;6
279.494;6
279.57;7
279.639;7
279.714;7
279.788;7
279.86;8
FA
279.934;0
280.005;0
Mn
280.076;0
280.149;0
280.223;0
280.295;0
280.375;0
280.445;0
280.513;0
280.587;0
280.662;0
280.732;0
280.805;0
280.883;0
280.951;0
281.028;0
281.101;0
vMx
281.176;1
281.244;1
281.317;2
281.388;2
281.46;2
281.535;2
281.608;2
281.679;3
281.757;3
281.829;3
281.899;3
281.971;4
282.044;4
282.117;4
282.189;4
282.262;5
282.333;5
282.407;5
282.477;5
282.552;5
282.626;6
282.705;6
282.775;6
282.847;6
282.92;7
282.99;7
Mn
283.064;7
283.135;7
283.209;8
283.282;8
283.361;8
283.427;8
283.499;8
283.579;9
283.645;9
283.727;9
283.79;9
283.867;10
283.941;10
284.012;10
284.082;10
284.155;1
284.233;1
vMx
284.3;1
284.37;1
284.455;2
284.525;2
284.598;2
284.671;2
284.743;2
284.811;3
284.889;3
284.964;3
285.03;3
285.11;4
285.179;4
285.253;4
285.332;4
285.392;5
285.467;5
285.538;5
285.612;5
285.698;6
285.763;6
285.832;6
285.902;6
285.977;6
286.049;7
286.123;7
286.198;7
Mn
286.268;7
286.341;8
286.414;8
286.494;8
286.567;8
286.633;9
286.709;9
286.776;9
286.851;9
286.924;9
286.997;10
287.07;10
287.144;10
287.216;10
287.291;1
vMx
287.362;1
287.429;1
287.506;2
287.58;2
287.651;2
287.733;2
287.798;3
287.869;3
287.948;3
288.016;3
288.092;3
288.16;4
288.239;4
288.315;4
288.384;4
288.454;5
288.529;5
288.602;5
288.67;5
288.744;6
288.822;6
288.89;6
288.965;6
289.035;7
289.108;7
289.185;7
289.258;7
289.332;8
289.404;8
Mn
289.481;8
289.55;8
289.626;8
289.696;9
FA
289.766;0
289.838;0
289.914;0
289.985;0
290.058;0
290.132;0
290.204;0
290.274;0
290.351;0
290.425;0
vMx
290.495;1
290.569;1
290.636;2
290.713;2
290.784;2
290.858;2
290.931;2
291.004;3
291.076;3
291.15;3
291.222;3
291.294;4
291.367;4
291.446;4
291.517;4
FA
291.586;0
291.661;0
291.731;0
291.805;0
291.878;0
291.952;0
292.02;0
292.096;0
292.165;0
292.25;0
Mn
292.318;0
292.386;0
Mx
292.459;0
292.535;0
292.61;0
292.676;0
292.754;0
292.825;0
Mn
292.899;0
292.973;0
293.044;0
293.112;0
293.187;0
293.265;0
293.335;0
293.407;0
293.48;0
293.555;0
293.628;0
293.7;0
293.777;0
293.851;0
vMx
293.917;1
293.991;1
294.064;1
294.136;2
294.215;2
294.29;2
294.353;2
294.435;3
294.499;3
294.577;3
294.651;3
294.72;3
294.792;4
294.866;4
294.944;4
295.01;4
295.083;4
295.155;5
295.234;5
295.303;5
295.376;5
295.451;5
295.521;6
Mn
295.595;6
295.668;6
295.741;6
295.812;7
Mx
295.887;7
295.961;7
296.038;7
296.103;7
Mn
296.172;8
296.248;8
296.325;8
296.397;8
296.472;8
296.538;9
296.617;9
296.685;9
296.759;9
296.836;10
296.908;10
FA
296.977;0
297.054;0
297.119;0
297.198;0
vMx
FA
297.273;0
297.342;0
297.413;0
297.489;0
297.565;0
297.637;0
297.705;0
297.787;0
297.851;0
297.922;0
297.999;0
298.068;0
298.154;0
298.221;0
298.293;0
298.361;0
298.433;0
298.509;0
Mn
298.576;0
298.65;0
Mx
298.728;0
Mn
298.796;0
Mx
298.872;0
298.945;0
299.017;0
299.09;0
Mn
299.162;0
299.235;0
299.314;0
299.381;0
299.462;0
299.532;0
299.599;0
299.679;0
299.752;0
299.819;0
299.89;0
299.961;0
300.036;0
300.114;0
300.182;0
300.256;0
vMx
300.332;1
300.398;1
300.474;2
300.55;2
300.618;2
300.691;2
300.765;3
300.837;3
300.909;3
300.983;3
301.057;3
301.13;4
301.205;4
301.282;4
301.35;4
301.421;5
301.498;5
301.566;5
301.644;5
301.714;6
301.786;6
301.864;6
301.933;6
302.003;7
302.081;7
302.156;7
302.219;7
Mn
302.299;8
302.361;8
302.44;8
302.52;8
FA
302.59;0
302.656;0
302.732;0
302.806;0
302.875;0
302.953;0
303.027;0
303.093;0
303.17;0
303.241;0
303.316;0
303.394;0
303.459;0
vMx
303.532;1
303.608;1
303.685;2
303.75;2
303.824;2
303.905;2
303.97;2
304.044;3
304.116;3
304.188;3
304.264;3
304.339;4
304.412;4
304.487;4
304.552;4
304.627;4
Mn
304.697;5
304.777;5
Mx
304.848;5
304.916;5
304.99;6
Mn
305.064;6
305.139;6
305.216;6
Mx
305.283;6
305.35;7
305.435;7
305.5;7
305.571;7
Mn
FA
305.645;0
305.722;0
305.797;0
305.868;0
305.94;0
306.014;0
306.085;0
306.153;0
306.233;0
306.306;0
306.378;0
306.447;0
306.524;0
306.594;0
306.668;0
306.739;0
306.812;0
vMx
FA
306.884;0
306.963;0
307.033;0
307.103;0
307.177;0
307.246;0
307.326;0
307.398;0
307.469;0
307.543;0
307.607;0
307.684;0
307.761;0
307.838;0
307.903;0
307.976;0
308.049;0
308.123;0
308.195;0
308.269;0
308.341;0
308.418;0
Mn
308.486;0
308.561;0
308.634;0
Mx
308.706;0
Mn
308.779;0
Mx
308.851;0
308.924;0
308.998;0
Mn
309.07;0
Mx
309.143;0
309.216;0
309.298;0
309.372;0
309.436;0
309.51;0
Mn
309.578;0
309.655;0
309.73;0
309.805;0
309.87;0
309.94;0
310.018;0
310.087;0
310.161;0
310.243;0
310.31;0
310.388;0
310.458;0
310.527;0
310.601;0
310.672;0
310.745;0
310.819;0
vMx
310.887;1
310.968;1
311.037;1
311.107;1
311.181;2
311.252;2
311.33;2
311.401;2
311.473;2
311.55;3
311.618;3
311.689;3
311.764;3
311.84;3
311.917;4
311.987;4
312.057;4
312.132;4
312.204;4
312.279;4
312.351;5
312.423;5
312.495;5
312.574;5
Mn
312.645;5
312.713;6
Mx
312.788;6
312.861;6
312.929;6
313.003;6
313.08;6
Mn
313.152;7
Mx
313.228;7
313.298;7
Mn
313.366;7
313.44;7
313.522;8
313.586;8
313.654;8
313.733;8
313.808;8
313.887;8
313.954;9
314.022;9
314.099;9
314.168;9
314.241;9
314.314;9
314.394;10
vMx
314.46;1
314.537;1
314.611;1
314.678;2
314.746;2
314.827;2
314.899;2
314.97;2
315.043;3
315.116;3
315.187;3
315.265;3
315.335;3
315.408;4
315.48;4
315.559;4
315.635;4
Mn
315.706;4
315.776;5
315.848;5
315.922;5
Mx
315.992;5
316.064;6
316.137;6
316.209;6
316.284;6
316.36;6
Mn
316.427;7
316.5;7
316.574;7
Mx
316.644;7
316.718;7
316.796;8
316.862;8
Mn
316.943;8
317.017;8
317.086;8
317.155;9
317.236;9
317.301;9
317.376;9
317.447;9
317.521;10
317.592;10
317.665;10
vMx
317.739;1
317.813;1
317.884;1
317.959;2
318.031;2
FA
318.106;0
318.178;0
318.253;0
318.323;0
318.397;0
318.468;0
318.545;0
318.614;0
318.687;0
318.763;0
318.831;0
318.903;0
318.978;0
319.048;0
319.125;0
Mn
319.198;0
Mx
319.271;0
Mn
319.338;0
319.411;0
319.485;0
319.559;0
Mx
319.639;0
319.704;0
319.778;0
319.851;0
319.923;0
Mn
319.996;0
320.068;0
320.144;0
320.216;0
320.296;0
320.359;0
320.438;0
320.509;0
320.581;0
320.654;0
320.732;0
320.802;0
320.872;0
320.943;0
321.021;0
321.089;0
321.171;0
321.238;0
vMx
FA
321.308;0
321.383;0
321.458;0
321.526;0
321.602;0
321.672;0
321.748;0
321.828;0
321.891;0
321.966;0
322.039;0
322.111;0
322.182;0
Mn
322.258;0
Mx
322.326;0
Mn
322.404;0
Mx
322.482;0
322.551;0
322.628;0
322.692;0
322.765;0
322.837;0
322.911;0
322.983;0
Mn
323.057;0
323.129;0
323.208;0
323.276;0
323.344;0
323.42;0
323.493;0
Mx
323.571;0
323.64;0
323.714;0
Mn
323.788;0
323.858;0
323.929;0
324.004;0
324.081;0
324.156;0
324.228;0
324.294;0
324.367;0
324.437;0
324.511;0
324.592;0
324.665;0
vMx
324.734;1
324.804;1
324.877;1
324.953;2
325.029;2
325.099;2
325.171;2
325.244;3
325.317;3
325.387;3
325.461;3
325.533;3
325.605;4
325.676;4
Mn
325.756;4
Mx
325.822;4
325.899;4
325.969;5
326.044;5
Mn
326.121;5
326.191;5
Mx
326.263;5
326.337;6
326.406;6
Mn
326.481;6
Mx
326.556;6
326.627;7
326.7;7
Mn
326.778;7
326.848;7
326.921;7
326.993;8
Mx
327.063;8
327.14;8
FA
327.214;0
327.284;0
327.353;0
Mn
327.43;0
327.502;0
327.576;0
327.649;0
327.724;0
327.794;0
327.863;0
327.936;0
328.007;0
328.08;0
328.154;0
328.228;0
328.303;0
328.376;0
328.444;0
vMx
328.516;1
328.593;1
328.67;1
328.741;2
328.817;2
328.888;2
328.962;2
329.038;2
329.103;3
329.176;3
329.249;3
329.321;3
329.393;3
329.466;3
329.538;4
329.616;4
Mn
329.686;4
Mx
329.758;4
Mn
329.834;4
329.904;5
Mx
329.977;5
330.046;5
330.12;5
Mn
330.193;5
330.267;6
Mx
330.341;6
330.414;6
330.492;6
330.563;6
Mn
330.632;7
Mx
330.705;7
Mn
330.777;7
330.854;7
330.92;7
330.994;8
331.074;8
FA
331.143;0
331.217;0
331.289;0
331.354;0
331.432;0
331.511;0
331.579;0
331.653;0
331.727;0
331.801;0
vMx
331.869;1
331.945;1
332.014;1
332.099;2
332.163;2
332.237;2
332.314;2
332.382;3
332.453;3
332.527;3
332.597;3
332.674;3
332.754;4
332.817;4
332.887;4
Mn
332.96;4
333.035;5
Mx
333.113;5
333.186;5
333.252;5
333.324;5
333.403;6
333.473;6
Mn
333.545;6
Mx
333.616;6
Mn
333.69;6
333.77;7
333.841;7
333.912;7
333.987;7
334.061;8
FA
334.129;0
334.207;0
334.274;0
334.35;0
334.419;0
334.496;0
334.57;0
334.641;0
334.71;0
334.783;0
334.859;0
334.933;0
335.001;0
vMx
FA
335.078;0
335.151;0
335.22;0
Mn
335.296;0
335.367;0
vMx
FT
335.44;0
335.517;0
335.586;0
335.659;0
335.732;0
335.805;0
335.876;0
335.946;0
336.024;0
336.095;0
336.164;0
336.242;0
336.312;0
336.392;0
336.464;0
336.536;0
Mn
336.604;0
336.682;0
336.752;0
Mx
336.822;0
336.903;0
336.97;0
337.042;0
337.114;0
Mn
337.195;0
337.265;0
337.337;0
337.41;0
337.48;0
337.557;0
337.632;0
337.697;0
337.769;0
337.84;0
337.918;0
337.995;0
338.066;0
338.137;0
338.206;0
338.279;0
338.357;0
vMx
FT
338.431;0
338.502;0
338.58;0
338.653;0
338.72;0
338.792;0
338.862;0
338.942;0
339.015;0
339.086;0
339.156;0
339.232;0
339.307;0
339.376;0
339.444;0
339.521;0
339.592;0
339.666;0
339.735;0
339.81;0
339.883;0
339.954;0
Mn
340.027;0
340.101;0
340.177;0
340.252;0
340.321;0
340.401;0
340.466;0
340.548;0
340.617;0
340.682;0
340.762;0
340.835;0
340.904;0
340.976;0
341.05;0
341.126;0
341.191;0
341.269;0
341.34;0
341.414;0
341.491;0
341.561;0
341.634;0
341.707;0
vMx
341.78;1
341.855;1
341.923;1
341.995;2
342.07;2
342.142;2
342.214;2
342.287;3
342.359;3
342.436;3
342.507;3
342.58;3
342.655;4
342.721;4
342.798;4
342.87;4
342.947;5
343.018;5
FA
343.092;0
Mn
343.166;0
343.235;0
343.307;0
343.384;0
343.457;0
343.53;0
343.602;0
343.673;0
343.744;0
343.817;0
343.893;0
343.964;0
344.036;0
344.113;0
344.182;0
344.256;0
344.333;0
344.399;0
344.473;0
vMx
FA
344.546;0
344.618;0
344.691;0
344.768;0
344.839;0
344.911;0
344.984;0
345.052;0
345.134;0
345.205;0
345.275;0
345.345;0
345.421;0
345.494;0
345.572;0
345.64;0
345.715;0
345.789;0
345.859;0
345.931;0
346.002;0
346.077;0
346.148;0
346.226;0
346.294;0
346.364;0
346.439;0
346.523;0
Mn
346.592;0
346.664;0
346.739;0
346.803;0
346.879;0
346.958;0
347.024;0
347.096;0
347.174;0
347.245;0
347.314;0
347.393;0
347.461;0
347.535;0
347.61;0
347.679;0
vMx
347.751;1
347.825;1
347.902;2
347.966;2
348.054;2
348.117;2
348.19;2
348.269;3
348.336;3
348.41;3
348.484;3
348.56;4
348.629;4
348.704;4
348.772;4
348.85;4
348.919;5
348.993;5
349.068;5
349.137;5
349.213;6
Mn
349.282;6
349.354;6
349.429;6
Mx
349.506;7
349.58;7
349.648;7
349.721;7
349.793;7
349.869;8
Mn
349.941;8
350.013;8
350.087;8
350.161;9
350.228;9
350.301;9
350.37;9
350.453;9
350.519;10
350.6;10
350.67;10
350.737;10
350.814;1
350.888;1
vMx
350.959;1
351.029;1
351.102;2
351.175;2
351.251;2
351.318;2
351.397;2
351.465;3
351.543;3
351.612;3
351.683;3
351.758;4
351.827;4
351.905;4
351.978;4
352.053;4
352.126;5
352.202;5
352.267;5
352.343;5
352.413;6
352.487;6
352.565;6
352.637;6
352.704;7
352.78;7
Mn
352.851;7
Mx
352.935;7
353.001;7
Mn
353.068;8
353.139;8
353.211;8
353.289;8
353.36;9
353.434;9
FA
353.509;0
353.58;0
353.654;0
353.729;0
353.797;0
353.872;0
353.943;0
354.022;0
354.088;0
354.162;0
354.234;0
vMx
354.311;1
354.381;1
354.451;1
354.524;2
354.598;2
354.669;2
354.747;2
354.819;3
354.893;3
354.968;3
355.043;3
355.113;3
355.186;4
355.257;4
355.327;4
355.4;4
355.474;5
355.544;5
355.617;5
355.694;5
355.765;5
355.838;6
355.914;6
355.983;6
Mn
356.061;6
356.128;6
356.201;7
356.275;7
356.343;7
356.417;7
356.493;8
356.567;8
356.638;8
356.713;8
356.788;8
356.857;9
356.931;9
357.003;9
357.074;9
357.155;10
357.229;10
357.293;10
vMx
357.371;1
357.443;1
357.513;2
357.589;2
357.658;2
357.735;2
357.812;3
357.88;3
357.954;3
358.029;3
358.099;3
358.167;4
358.246;4
358.32;4
358.391;4
358.46;5
358.535;5
358.604;5
358.682;5
358.757;6
358.822;6
358.902;6
358.979;6
359.045;7
359.119;7
359.195;7
Mn
359.261;7
359.334;7
359.407;8
359.483;8
359.553;8
359.628;8
FA
359.701;0
359.775;0
359.843;0
359.916;0
359.994;0
360.062;0
360.134;0
360.21;0
360.284;0
360.36;0
360.428;0
360.5;0
360.576;0
vMx
360.653;1
360.725;1
360.788;1
360.868;2
360.94;2
361.014;2
361.082;2
361.157;3
361.234;3
361.305;3
361.373;3
361.447;4
361.513;4
361.596;4
361.67;4
361.742;4
361.811;5
361.883;5
361.958;5
362.04;5
362.102;6
362.176;6
362.246;6
362.321;6
362.396;6
362.468;7
Mn
362.539;7
Mx
362.614;7
362.694;7
Mn
362.759;8
362.836;8
362.907;8
362.978;8
FA
363.052;0
363.125;0
363.2;0
363.27;0
363.345;0
363.418;0
363.493;0
363.563;0
363.634;0
363.709;0
363.777;0
363.855;0
363.929;0
vMx
364.002;1
364.072;1
364.143;1
364.216;2
364.294;2
364.37;2
364.442;2
364.513;3
364.585;3
364.653;3
364.726;3
364.805;3
364.875;4
364.943;4
365.018;4
365.095;4
365.164;5
365.237;5
365.31;5
365.381;5
365.453;5
365.526;6
365.6;6
365.672;6
365.749;6
365.818;6
365.89;7
Mn
365.964;7
366.038;7
366.109;7
366.179;8
366.255;8
366.329;8
366.401;8
366.472;8
366.55;9
366.619;9
366.694;9
366.775;9
366.84;10
366.909;10
366.982;10
367.057;10
367.126;10
vMx
367.208;1
367.28;1
367.346;2
367.419;2
367.492;2
367.565;2
367.641;2
367.713;3
367.783;3
367.856;3
367.932;3
368.007;4
368.079;4
368.147;4
368.224;4
368.297;4
368.374;5
368.442;5
368.517;5
368.583;5
368.656;6
368.731;6
Mn
368.803;6
Mx
368.875;6
368.951;7
369.027;7
369.095;7
369.178;7
369.25;7
369.313;8
Mn
369.386;8
369.461;8
369.532;8
369.606;9
369.677;9
369.751;9
369.828;9
FA
369.898;0
369.967;0
370.043;0
370.114;0
370.188;0
370.26;0
370.339;0
370.405;0
vMx
370.477;1
370.548;1
370.625;1
370.7;2
370.77;2
370.846;2
370.919;2
370.985;3
371.062;3
371.134;3
371.21;3
371.28;3
371.353;4
371.428;4
371.5;4
371.575;4
371.645;5
371.719;5
Mn
371.79;5
371.864;5
371.939;5
372.009;6
372.08;6
372.155;6
Mx
372.234;6
372.304;7
372.379;7
372.451;7
372.526;7
Mn
372.593;7
372.667;8
372.737;8
372.812;8
372.89;8
372.958;9
373.028;9
373.106;9
373.182;9
373.246;9
373.322;10
373.396;10
373.464;10
373.538;10
373.613;1
373.688;1
373.761;1
vMx
373.838;1
373.906;1
373.98;1
374.05;2
374.121;2
374.205;2
374.273;2
374.339;3
374.417;3
374.489;3
374.559;3
374.626;3
374.703;4
Mn
374.777;4
Mx
374.852;4
374.922;4
374.996;5
375.068;5
375.141;5
375.215;5
375.289;5
375.357;6
375.432;6
375.506;6
375.579;6
375.652;6
375.724;7
375.797;7
375.87;7
375.942;7
Mn
376.016;8
376.093;8
376.164;8
376.238;8
FA
376.307;0
376.381;0
376.454;0
376.528;0
376.598;0
376.677;0
376.745;0
376.818;0
376.899;0
376.966;0
vMx
377.035;1
377.108;1
377.177;1
377.257;2
377.325;2
377.399;2
377.476;2
377.546;3
377.618;3
377.69;3
377.773;3
377.837;4
377.909;4
377.984;4
378.059;4
378.135;4
378.21;5
378.275;5
Mn
378.347;5
378.42;5
Mx
378.492;6
378.565;6
378.639;6
Mn
378.717;6
378.789;6
Mx
378.864;7
378.932;7
379.005;7
379.074;7
379.145;8
Mn
379.231;8
Mx
FA
379.297;0
379.371;0
Mn
379.447;0
Mx
379.51;0
379.586;0
Mn
379.658;0
379.729;0
379.802;0
379.877;0
379.951;0
380.022;0
380.094;0
380.169;0
380.245;0
380.319;0
380.393;0
380.461;0
380.532;0
380.609;0
380.681;0
380.754;0
vMx
380.829;1
380.897;1
380.977;1
381.042;2
381.119;2
381.188;2
381.264;2
381.338;2
381.409;3
381.486;3
381.552;3
381.623;3
381.696;3
381.773;3
381.847;4
Mn
381.918;4
Mx
381.993;4
382.067;4
382.133;4
382.214;5
382.285;5
382.361;5
382.426;5
382.501;5
382.571;6
382.65;6
Mn
382.722;6
382.79;6
Mx
382.868;6
Mn
382.941;7
383.009;7
Mx
383.081;7
383.156;7
Mn
383.232;7
383.3;8
383.376;8
FA
383.451;0
383.519;0
383.598;0
383.668;0
383.74;0
383.814;0
383.886;0
383.961;0
384.032;0
384.103;0
384.177;0
384.252;0
vMx
384.322;1
384.392;1
384.468;1
384.542;2
384.613;2
384.688;2
384.757;2
384.828;2
384.902;3
384.979;3
385.048;3
385.121;3
385.197;4
385.268;4
385.338;4
385.419;4
385.489;4
385.558;5
385.63;5
385.707;5
385.78;5
385.857;5
385.927;6
386.001;6
386.074;6
Mn
386.145;6
386.212;6
386.287;7
Mx
386.36;7
386.435;7
386.508;7
Mn
386.581;7
386.645;8
386.724;8
Mx
FA
386.797;0
386.872;0
Mn
386.946;0
387.016;0
387.09;0
387.161;0
387.241;0
387.301;0
387.379;0
387.457;0
387.532;0
387.603;0
387.675;0
387.751;0
387.827;0
387.891;0
387.962;0
388.033;0
388.106;0
388.18;0
vMx
FA
388.257;0
388.327;0
388.397;0
388.473;0
388.548;0
388.621;0
388.691;0
388.763;0
388.833;0
388.913;0
388.981;0
389.06;0
389.134;0
389.204;0
Mn
389.274;0
Mx
389.348;0
389.421;0
389.491;0
389.569;0
389.638;0
389.709;0
389.786;0
Mn
389.861;0
Mx
389.934;0
Mn
390.006;0
390.077;0
Mx
390.148;0
390.221;0
390.294;0
390.367;0
390.439;0
390.513;0
390.583;0
Mn
390.659;0
390.731;0
390.804;0
390.874;0
390.951;0
391.023;0
391.093;0
391.168;0
391.249;0
391.318;0
391.391;0
391.461;0
vMx
FA
391.536;0
391.605;0
391.683;0
Mn
391.747;0
391.82;0
vMx
FT
391.898;0
391.969;0
392.039;0
392.116;0
392.188;0
392.26;0
392.337;0
392.407;0
392.478;0
392.551;0
392.623;0
392.698;0
Mn
392.769;0
Mx
392.845;0
392.923;0
Mn
392.993;0
393.065;0
Mx
393.136;0
393.21;0
393.284;0
Mn
393.357;0
393.43;0
393.503;0
393.573;0
393.648;0
393.717;0
393.794;0
393.87;0
393.937;0
394.009;0
394.082;0
394.157;0
394.235;0
394.303;0
394.376;0
394.446;0
394.515;0
394.591;0
vMx
FT
394.664;0
394.74;0
394.809;0
394.883;0
394.955;0
395.031;0
395.101;0
Mn
395.18;0
395.248;0
Mx
395.325;0
Mn
395.398;0
Mx
395.467;0
395.539;0
395.612;0
395.686;0
395.763;0
395.834;0
395.906;0
Mn
395.978;0
396.042;0
Mx
396.121;0
396.198;0
Mn
396.268;0
396.337;0
396.416;0
396.484;0
396.558;0
396.63;0
vMx
FT
396.706;0
396.777;0
396.849;0
396.928;0
396.995;0
397.066;0
Mn
397.147;0
397.218;0
397.289;0
397.36;0
397.433;0
397.505;0
vMx
FT
397.577;0
397.654;0
397.724;0
397.793;0
Mn
397.867;0
397.944;0
398.016;0
398.089;0
398.159;0
398.242;0
398.307;0
398.384;0
398.462;0
398.534;0
398.597;0
398.674;0
vMx
FT
398.749;0
398.816;0
398.891;0
398.967;0
399.036;0
399.102;0
399.185;0
399.26;0
399.335;0
399.399;0
399.471;0
399.555;0
399.619;0
399.692;0
399.763;0
399.839;0
399.91;0
399.982;0
400.056;0
400.129;0
400.202;0
400.277;0
Mn
400.347;0
Mx
400.421;0
400.499;0
400.562;0
400.646;0
Mn
400.713;0
Mx
400.783;0
400.856;0
400.935;0
401.005;0
401.074;0
Mn
401.153;0
401.22;0
401.292;0
401.372;0
401.447;0
401.516;0
401.586;0
401.655;0
401.732;0
401.809;0
401.876;0
401.956;0
402.032;0
402.095;0
402.172;0
402.239;0
vMx
FT
402.309;0
402.385;0
402.466;0
402.54;0
402.61;0
402.684;0
402.748;0
402.83;0
402.898;0
402.972;0
403.041;0
403.117;0
403.185;0
403.261;0
403.339;0
403.406;0
403.48;0
403.551;0
403.626;0
403.698;0
403.778;0
403.841;0
403.922;0
Mn
403.992;0
404.062;0
404.139;0
404.214;0
404.282;0
404.356;0
404.43;0
404.499;0
404.577;0
404.644;0
404.724;0
404.789;0
404.866;0
404.935;0
405.007;0
vMx
FA
405.083;0
405.153;0
405.231;0
405.3;0
405.372;0
405.45;0
405.513;0
405.595;0
405.671;0
405.731;0
405.809;0
405.885;0
405.96;0
406.032;0
406.097;0
406.177;0
406.247;0
406.323;0
406.395;0
406.465;0
Mn
406.542;0
406.611;0
406.685;0
406.757;0
406.831;0
406.907;0
406.974;0
407.052;0
407.124;0
407.195;0
vMx
FA
407.268;0
407.339;0
407.425;0
407.488;0
407.559;0
407.636;0
407.705;0
407.777;0
407.851;0
407.923;0
407.999;0
408.069;0
408.147;0
408.214;0
408.292;0
408.368;0
408.435;0
408.502;0
408.582;0
408.652;0
408.731;0
408.795;0
408.869;0
408.942;0
409.018;0
409.087;0
409.162;0
Mn
409.234;0
409.305;0
409.381;0
409.457;0
409.529;0
409.599;0
409.673;0
409.748;0
409.821;0
409.892;0
409.965;0
410.04;0
410.108;0
vMx
FT
410.177;0
410.257;0
410.323;0
410.402;0
410.472;0
410.546;0
410.618;0
410.693;0
410.763;0
410.839;0
410.912;0
410.986;0
411.055;0
411.13;0
411.204;0
411.272;0
411.347;0
411.421;0
411.492;0
Mn
411.569;0
Mx
411.643;0
Mn
411.713;0
411.779;0
411.859;0
Mx
411.933;0
412.007;0
412.083;0
412.147;0
Mn
412.219;0
412.29;0
412.368;0
412.441;0
412.521;0
412.582;0
412.658;0
412.734;0
412.802;0
412.875;0
412.954;0
413.024;0
413.104;0
vMx
413.174;1
413.243;1
413.317;2
413.391;2
413.458;2
413.537;2
413.607;3
413.678;3
413.747;3
413.823;3
413.902;4
413.969;4
414.045;4
414.119;4
414.194;5
Mn
414.266;5
414.335;5
414.402;5
Mx
414.474;5
414.552;6
414.631;6
414.704;6
414.773;6
414.855;7
414.925;7
Mn
414.994;7
415.063;7
Mx
FA
415.135;0
415.208;0
Mn
415.281;0
415.352;0
415.427;0
415.499;0
415.574;0
415.646;0
415.717;0
415.791;0
415.863;0
415.932;0
416.008;0
416.08;0
416.158;0
416.23;0
416.298;0
vMx
416.373;1
416.449;1
416.519;2
416.588;2
416.665;2
416.736;2
416.81;2
416.883;3
416.959;3
417.032;3
417.103;3
417.175;4
417.252;4
417.324;4
417.392;4
417.466;4
417.545;5
417.614;5
417.684;5
417.766;5
417.832;6
417.898;6
417.979;6
418.054;6
418.122;7
418.198;7
418.268;7
418.344;7
418.418;7
418.491;8
FA
418.557;0
418.63;0
Mn
418.707;0
418.777;0
418.854;0
418.921;0
419;0
419.069;0
419.141;0
419.213;0
419.286;0
419.358;0
419.434;0
419.509;0
vMx
419.581;1
419.652;1
419.725;2
419.794;2
419.869;2
419.942;2
420.014;2
420.088;3
420.167;3
420.233;3
420.306;3
420.378;4
420.451;4
420.529;4
420.595;4
420.671;4
420.744;5
420.822;5
420.89;5
420.961;5
421.035;6
421.108;6
Mn
421.178;6
Mx
421.255;6
421.332;7
421.402;7
421.478;7
421.545;7
421.624;7
421.692;8
Mn
421.764;8
421.836;8
421.911;8
421.98;9
422.058;9
422.131;9
422.205;9
FA
422.279;0
422.35;0
422.422;0
422.492;0
422.573;0
422.638;0
422.708;0
422.781;0
422.858;0
422.94;0
vMx
423;1
423.076;1
423.147;1
423.223;2
423.297;2
423.368;2
423.444;2
423.511;3
423.581;3
423.659;3
423.732;3
423.805;3
423.879;4
Mn
423.951;4
Mx
424.022;4
424.097;4
424.167;4
tMax1.6758e+06ns;tMean176758ns;tStd42773ns