MessungCRAD21102021Andreas 2_clean.csv;0;75
118.67
119.539
119.615
119.685
119.761
fc0.33fs1.15075a0.763093
119.832
119.906
119.978
120.051
120.127
120.195
120.274
120.345
120.421
120.489
120.56
120.633
120.708
120.781
120.855
120.932
121.001
121.077
121.149
121.214
121.285
121.364
121.435
121.51
121.58
121.653
121.724
121.803
121.872
121.949
122.021
122.091
122.168
122.242
122.312
122.381
122.457
122.527
122.602
122.675
122.747
122.828
122.897
122.967
123.043
123.111
123.181
123.257
123.335
123.405
123.474
123.548
123.627
123.696
123.769
123.84
123.914

fcN0.07
123.986
124.064
124.135
124.203
124.273
124.356
124.423
124.497
124.571
124.642
124.716
124.784
124.859
124.933
125.003
125.08
125.151
125.231
125.296
125.374
125.441
125.512
125.591
125.661
125.737
125.807
125.879
125.956
126.025
126.097
126.17
126.244
126.321
126.392
126.465
126.534
126.606
126.679
126.754
126.832
126.9
126.97
127.045
127.116
127.19
127.262
127.343
127.411
127.484
127.553
127.628
127.699
127.77
127.845
127.92
127.992
128.073
128.143
128.211
128.284
128.357
128.434
128.506
128.576
128.647
128.72
128.794
128.875
128.938
129.009
129.09
129.165
129.231
129.303
129.379
129.447
129.524
129.594
129.667
129.742
129.812
129.885
129.963
130.032
130.104
130.177
130.245
130.326
130.396
130.471
130.543
130.61
130.683
130.762
130.832
130.913
130.982
131.053
131.125
131.198
131.269
131.344
131.417
131.493
131.558
131.633
131.707
131.776
131.859
131.927
132.002
132.078
132.145
132.215
132.295
132.36
132.437
132.509
132.581
132.654
132.726
132.804
132.876
132.95
133.019
133.093
133.164
133.236
133.312
133.38
133.458
133.527
133.603
133.678
133.75
133.824
133.892
133.968
134.036
134.118
134.192
134.259
134.329
134.403
134.474
134.55
134.624
134.693
134.774
134.84
134.913
134.986
135.064
135.135
135.202
135.282
135.351
135.424
135.496
135.569
135.643
135.714
135.785
135.861
135.93
136.007
136.081
136.155
136.225
136.296
136.372
136.441
136.515
136.589
136.661
136.735
136.806
136.88
136.951
PRS:129.742;132.215;134.693;0.0168776
Mn
137.021;5
137.096;5
137.17;6
Mx
137.242;6
137.32;6
137.385;6
Mn
137.462;6
137.532;6
137.605;6
137.684;7
137.753;7
137.828;7
137.897;7
137.971;7
138.043;7
138.117;7
138.191;8
138.263;8
138.341;8
138.412;8
138.484;8
138.559;8
138.63;8
138.7;9
138.773;9
138.845;9
138.922;9
138.991;9
139.062;9
139.142;10
139.214;10
139.284;10
139.359;10
139.429;10
139.499;10
139.575;10
139.646;1
139.723;1
vMx
139.796;1
139.871;1
139.941;1
140.013;1
140.093;1
140.157;2
140.229;2
140.301;2
140.382;2
140.449;2
140.529;2
140.599;2
140.673;3
140.74;3
140.815;3
140.885;3
140.962;3
141.042;3
141.11;3
141.182;4
141.252;4
141.321;4
141.394;4
141.472;4
141.538;4
Mn
141.612;5
141.689;5
141.762;5
141.832;5
141.907;5
141.978;5
142.048;5
FA
142.123;0
142.199;0
142.272;0
142.343;0
142.415;0
142.488;0
142.563;0
142.63;0
142.707;0
142.782;0
142.851;0
142.926;0
142.999;0
143.072;0
143.148;0
143.215;0
143.301;0
143.363;0
143.442;0
143.512;0
143.59;0
143.662;0
143.726;0
143.8;0
143.872;0
vMx
143.944;1
144.017;1
144.092;1
144.171;1
144.241;2
144.311;2
144.391;2
144.457;2
144.527;2
144.603;2
144.678;3
144.744;3
144.82;3
144.897;3
144.968;3
145.043;4
145.114;4
145.188;4
145.257;4
145.334;4
145.406;4
145.476;5
145.55;5
145.623;5
Mn
145.695;5
145.767;5
145.84;5
145.914;6
145.989;6
146.057;6
146.129;6
146.201;6
146.277;7
146.35;7
146.424;7
146.498;7
146.572;7
146.64;7
146.714;8
146.787;8
146.863;8
146.934;8
147.013;8
147.08;8
147.15;9
FA
147.222;0
147.296;0
147.367;0
147.445;0
147.511;0
147.587;0
147.66;0
147.73;0
147.805;0
147.88;0
vMx
FA
147.951;0
148.022;0
148.096;0
148.175;0
148.245;0
148.319;0
148.388;0
148.462;0
148.532;0
148.605;0
148.68;0
148.752;0
148.826;0
148.899;0
148.972;0
149.043;0
149.121;0
149.189;0
149.264;0
149.337;0
149.413;0
149.479;0
149.554;0
149.626;0
149.698;0
149.771;0
149.848;0
149.918;0
Mn
149.992;0
150.068;0
150.136;0
150.211;0
150.284;0
150.361;0
150.431;0
150.501;0
150.577;0
150.649;0
150.721;0
150.791;0
150.867;0
150.936;0
151.012;0
151.086;0
151.153;0
151.226;0
151.302;0
151.379;0
151.447;0
151.519;0
151.596;0
151.666;0
151.737;0
151.813;0
151.884;0
151.962;0
152.035;0
152.103;0
vMx
152.177;1
152.252;1
152.329;1
152.4;1
152.467;2
152.538;2
152.61;2
152.682;2
152.764;2
152.837;2
152.905;3
152.977;3
153.056;3
153.122;3
153.197;3
153.27;3
153.346;4
153.416;4
153.492;4
153.569;4
153.637;4
153.709;4
153.784;5
153.851;5
153.929;5
154;5
154.072;5
154.145;6
Mn
154.215;6
154.288;6
154.361;6
154.437;6
154.507;6
154.583;7
154.655;7
154.723;7
154.798;7
154.873;7
154.947;7
155.017;8
155.09;8
155.162;8
155.235;8
155.313;8
155.387;8
155.462;9
155.531;9
155.603;9
155.673;9
155.749;9
155.82;9
155.891;10
155.964;10
156.045;10
156.114;10
156.179;10
156.255;1
156.332;1
156.402;1
156.475;1
vMx
156.549;1
156.62;1
156.698;1
156.771;1
156.835;2
156.912;2
156.988;2
157.066;2
157.132;2
157.203;2
157.281;3
157.353;3
157.423;3
157.496;3
157.567;3
157.639;3
157.713;4
157.786;4
157.858;4
157.931;4
158.009;4
158.076;4
158.154;5
158.229;5
158.299;5
158.375;5
158.442;5
Mn
158.517;5
158.586;6
158.659;6
158.737;6
158.804;6
158.889;6
158.954;6
159.03;7
159.109;7
159.177;7
159.244;7
159.315;7
159.388;7
159.462;8
159.536;8
159.606;8
159.681;8
159.758;8
159.826;8
159.9;9
159.97;9
160.045;9
160.121;9
160.192;9
160.264;9
160.337;10
160.411;10
160.484;10
160.559;10
vMx
160.637;1
160.705;1
160.771;1
160.848;1
160.922;2
160.99;2
161.066;2
161.138;2
161.215;2
161.29;3
161.363;3
161.431;3
161.503;3
161.575;3
161.651;3
161.719;4
161.797;4
161.868;4
161.941;4
162.016;4
162.082;4
162.155;5
162.229;5
Mn
162.3;5
Mx
162.376;5
162.451;5
162.529;6
Mn
162.597;6
162.669;6
162.741;6
162.812;6
162.887;6
162.958;7
163.034;7
163.109;7
163.176;7
163.255;7
163.323;7
163.393;8
163.471;8
163.54;8
163.613;8
163.693;8
163.759;9
163.835;9
163.908;9
163.982;9
164.049;9
164.129;9
164.198;10
164.273;10
164.346;10
164.417;10
164.488;10
164.568;1
164.639;1
164.71;1
164.779;1
FA
164.853;0
vMx
164.925;1
164.996;1
165.072;1
165.144;1
165.215;2
165.289;2
165.361;2
165.434;2
165.507;2
165.583;2
165.654;3
165.727;3
165.798;3
165.871;3
165.947;3
166.024;3
166.095;4
166.169;4
166.238;4
166.309;4
166.383;4
166.459;4
166.531;5
166.604;5
166.672;5
166.754;5
166.818;5
166.894;5
Mn
166.962;6
167.036;6
167.11;6
167.187;6
167.262;6
167.327;6
167.4;7
167.475;7
167.549;7
167.623;7
167.692;7
vMx
FT
167.768;0
167.839;0
Mn
167.914;0
167.982;0
168.059;0
168.13;0
168.214;0
168.282;0
168.349;0
168.421;0
168.497;0
168.571;0
168.64;0
168.714;0
168.789;0
168.865;0
168.931;0
169.008;0
169.08;0
169.152;0
169.224;0
169.299;0
vMx
FT
169.367;0
169.445;0
169.518;0
169.585;0
169.66;0
169.735;0
169.809;0
169.883;0
169.949;0
170.023;0
170.098;0
170.168;0
170.244;0
170.314;0
170.389;0
170.464;0
170.54;0
170.614;0
170.688;0
170.763;0
170.825;0
170.897;0
170.968;0
171.045;0
171.118;0
171.195;0
Mn
171.268;0
171.34;0
171.412;0
172.293;0
172.365;0
172.436;0
172.513;0
172.583;0
172.654;0
172.728;0
172.804;0
172.875;0
172.952;0
173.023;0
173.094;0
vMx
FT
173.162;0
173.241;0
173.312;0
173.384;0
173.458;0
173.528;0
173.601;0
173.674;0
173.747;0
173.823;0
173.895;0
173.966;0
174.037;0
174.113;0
174.184;0
174.259;0
174.339;0
174.406;0
174.483;0
174.555;0
174.625;0
174.694;0
174.765;0
174.841;0
174.915;0
174.988;0
175.063;0
175.129;0
175.201;0
175.278;0
175.352;0
175.421;0
175.499;0
175.57;0
Mn
175.642;0
175.717;0
175.787;0
175.862;0
175.932;0
176.006;0
176.078;0
176.152;0
176.224;0
176.298;0
176.375;0
176.445;0
176.517;0
176.587;0
176.659;0
176.733;0
176.811;0
176.884;0
176.954;0
177.024;0
177.101;0
177.174;0
177.245;0
177.323;0
177.387;0
177.466;0
177.538;0
vMx
177.612;1
Mn
177.682;1
177.756;1
177.831;1
177.902;2
vMx
FT
177.974;0
178.049;0
178.12;0
178.194;0
178.265;0
178.34;0
178.411;0
178.482;0
178.556;0
178.627;0
178.7;0
178.771;0
178.848;0
178.918;0
178.99;0
179.065;0
179.137;0
179.21;0
179.285;0
179.357;0
179.431;0
179.508;0
Mn
179.581;0
Mx
179.65;0
179.719;0
179.79;0
179.865;0
179.94;0
Mn
180.013;0
180.085;0
180.16;0
180.233;0
180.305;0
180.375;0
180.454;0
180.526;0
180.599;0
180.668;0
180.743;0
180.817;0
180.89;0
180.962;0
181.028;0
181.101;0
181.176;0
181.25;0
181.322;0
181.398;0
181.465;0
181.551;0
181.618;0
181.693;0
181.764;0
181.835;0
181.904;0
181.982;0
182.053;0
182.126;0
182.197;0
182.269;0
182.339;0
vMx
FT
182.414;0
182.488;0
182.557;0
182.631;0
182.708;0
182.78;0
182.856;0
182.926;0
183.005;0
183.074;0
183.142;0
183.218;0
183.289;0
183.362;0
183.437;0
183.502;0
183.58;0
183.655;0
183.727;0
183.801;0
183.876;0
183.948;0
184.018;0
184.093;0
184.165;0
184.238;0
184.314;0
184.384;0
Mn
184.456;0
184.534;0
184.602;0
184.674;0
184.74;0
184.818;0
184.892;0
184.967;0
185.044;0
185.111;0
185.183;0
185.258;0
185.33;0
185.404;0
185.479;0
185.548;0
185.623;0
185.695;0
185.767;0
185.839;0
185.916;0
185.986;0
186.057;0
186.14;0
186.204;0
186.275;0
186.349;0
vMx
186.42;1
186.496;1
Mn
186.561;1
186.639;1
FA
186.718;0
186.788;0
186.858;0
vMx
FT
186.932;0
187.008;0
187.079;0
187.158;0
187.225;0
187.296;0
187.37;0
187.441;0
187.515;0
187.589;0
187.659;0
187.736;0
187.808;0
187.88;0
187.951;0
188.026;0
188.097;0
188.171;0
188.242;0
188.321;0
188.387;0
188.461;0
188.538;0
188.606;0
188.683;0
188.752;0
188.828;0
188.905;0
Mn
188.974;0
189.05;0
189.117;0
189.189;0
189.263;0
189.34;0
189.414;0
189.483;0
189.557;0
189.628;0
189.699;0
189.771;0
vMx
FT
189.85;0
Mn
189.92;0
189.994;0
190.065;0
190.143;0
190.217;0
190.284;0
190.361;0
190.436;0
190.506;0
190.577;0
190.646;0
190.72;0
vMx
FT
190.791;0
190.871;0
190.941;0
191.016;0
191.082;0
191.158;0
191.231;0
191.302;0
191.376;0
191.449;0
191.529;0
191.593;0
191.67;0
191.746;0
191.817;0
191.887;0
191.956;0
192.034;0
192.104;0
192.18;0
192.247;0
192.321;0
192.396;0
192.472;0
192.549;0
192.619;0
192.686;0
192.76;0
192.835;0
192.907;0
192.981;0
193.056;0
Mn
193.133;0
193.199;0
193.27;0
193.34;0
193.415;0
193.49;0
193.563;0
193.634;0
193.711;0
193.781;0
193.853;0
193.921;0
193.999;0
194.075;0
194.143;0
194.221;0
194.289;0
194.365;0
194.442;0
194.508;0
194.58;0
194.654;0
194.727;0
194.803;0
194.878;0
194.948;0
195.019;0
195.092;0
195.165;0
195.235;0
195.313;0
195.381;0
195.456;0
195.53;0
195.604;0
195.674;0
195.747;0
195.821;0
195.894;0
195.963;0
vMx
FT
196.04;0
196.115;0
196.182;0
196.261;0
196.329;0
196.4;0
196.474;0
196.547;0
196.619;0
196.693;0
196.767;0
196.837;0
196.91;0
196.985;0
197.06;0
197.133;0
197.203;0
197.275;0
197.354;0
197.423;0
197.493;0
197.568;0
197.644;0
197.718;0
197.786;0
197.863;0
197.932;0
198.008;0
198.083;0
198.159;0
Mn
198.228;0
Mx
198.298;0
198.37;0
Mn
198.446;0
198.519;0
198.591;0
198.661;0
198.731;0
198.81;0
198.878;0
198.954;0
199.021;0
199.098;0
199.171;0
199.246;0
199.323;0
199.388;0
199.461;0
199.54;0
199.612;0
199.685;0
199.756;0
199.831;0
199.906;0
199.976;0
200.046;0
200.117;0
200.191;0
200.266;0
200.338;0
200.408;0
vMx
FA
200.482;0
200.553;0
Mn
200.626;0
200.701;0
200.77;0
200.848;0
200.916;0
200.991;0
201.064;0
201.14;0
vMx
FT
201.218;0
201.284;0
201.36;0
201.431;0
201.501;0
201.576;0
201.648;0
201.719;0
201.797;0
201.867;0
201.939;0
202.015;0
202.085;0
202.158;0
202.231;0
202.305;0
202.376;0
202.448;0
202.525;0
202.595;0
202.666;0
202.74;0
202.815;0
202.882;0
202.959;0
203.032;0
203.102;0
203.177;0
203.252;0
203.323;0
203.396;0
203.469;0
203.54;0
203.613;0
203.688;0
203.761;0
203.832;0
203.905;0
Mn
203.979;0
204.055;0
204.124;0
204.197;0
204.273;0
204.341;0
204.414;0
204.492;0
Mx
204.562;0
Mn
204.637;0
204.706;0
204.786;0
Mx
204.852;0
Mn
204.927;0
204.998;0
205.071;0
205.143;0
205.22;0
205.289;0
205.363;0
205.44;0
205.511;0
205.583;0
205.656;0
205.73;0
205.804;0
205.872;0
205.948;0
206.02;0
206.092;0
206.166;0
206.235;0
206.308;0
206.385;0
206.453;0
206.527;0
206.603;0
206.674;0
206.745;0
206.822;0
206.9;0
206.967;0
207.036;0
207.114;0
207.181;0
207.256;0
vMx
FT
207.331;0
207.402;0
207.475;0
207.547;0
207.62;0
207.697;0
207.777;0
207.845;0
207.924;0
207.991;0
208.061;0
208.133;0
208.208;0
208.276;0
208.351;0
208.427;0
208.498;0
208.567;0
208.641;0
208.714;0
208.784;0
208.856;0
208.93;0
209.007;0
209.077;0
209.153;0
209.222;0
209.295;0
Mn
209.368;0
209.447;0
209.513;0
209.586;0
209.658;0
209.735;0
209.813;0
209.88;0
209.955;0
210.025;0
210.103;0
210.17;0
210.243;0
210.321;0
210.397;0
210.464;0
210.538;0
210.607;0
210.679;0
210.752;0
210.824;0
210.9;0
210.973;0
211.046;0
211.121;0
211.189;0
211.264;0
211.334;0
211.411;0
211.484;0
211.554;0
211.628;0
vMx
FT
211.7;0
211.773;0
211.846;0
211.916;0
211.991;0
212.064;0
212.14;0
212.216;0
212.291;0
212.357;0
212.433;0
212.511;0
212.578;0
212.651;0
212.722;0
212.796;0
212.868;0
212.936;0
213.01;0
213.089;0
213.158;0
213.241;0
213.308;0
213.378;0
213.451;0
213.523;0
213.6;0
213.67;0
213.741;0
Mn
213.816;0
213.887;0
213.961;0
214.03;0
214.102;0
214.178;0
214.254;0
214.326;0
214.397;0
214.469;0
214.541;0
214.615;0
214.687;0
214.76;0
214.833;0
214.909;0
214.977;0
215.058;0
215.121;0
215.205;0
215.269;0
215.346;0
215.421;0
215.487;0
215.56;0
vMx
215.639;1
215.708;1
Mn
215.781;1
215.854;1
215.925;2
216.001;2
FA
216.074;0
216.144;0
vMx
FT
216.222;0
216.294;0
216.365;0
216.434;0
216.506;0
216.579;0
216.657;0
216.726;0
216.802;0
216.872;0
216.946;0
217.015;0
217.09;0
217.165;0
217.236;0
217.309;0
217.383;0
217.454;0
217.53;0
217.604;0
217.674;0
217.746;0
217.822;0
217.891;0
217.964;0
Mn
218.038;0
218.11;0
218.186;0
218.256;0
218.334;0
218.406;0
218.481;0
218.553;0
218.623;0
218.694;0
218.766;0
Mx
218.839;0
Mn
218.915;0
218.985;0
219.065;0
219.129;0
219.203;0
219.277;0
219.348;0
219.425;0
219.492;0
219.567;0
219.64;0
219.714;0
219.786;0
219.861;0
219.931;0
220.006;0
220.076;0
220.149;0
220.223;0
220.295;0
220.37;0
220.44;0
220.514;0
220.59;0
220.668;0
220.734;0
220.808;0
220.878;0
vMx
FT
220.953;0
Mn
221.028;0
221.099;0
221.169;0
vMx
FT
221.249;0
221.317;0
221.389;0
221.465;0
221.534;0
221.605;0
221.683;0
221.757;0
221.826;0
221.898;0
221.972;0
222.047;0
222.12;0
222.192;0
222.264;0
222.332;0
222.408;0
222.484;0
222.553;0
222.626;0
222.7;0
222.77;0
222.845;0
222.92;0
222.99;0
223.068;0
223.141;0
223.209;0
223.283;0
223.355;0
223.429;0
223.501;0
223.574;0
223.645;0
223.719;0
223.79;0
223.869;0
Mn
223.945;0
Mx
224.015;0
224.092;0
Mn
224.158;0
Mx
224.231;0
224.307;0
224.378;0
Mn
224.449;0
224.521;0
224.594;0
224.666;0
224.739;0
224.81;0
224.883;0
224.957;0
225.033;0
225.103;0
225.176;0
225.256;0
225.324;0
225.397;0
225.472;0
225.54;0
225.615;0
225.687;0
225.757;0
225.837;0
225.91;0
225.981;0
226.053;0
226.124;0
226.194;0
226.272;0
226.344;0
226.416;0
226.49;0
226.561;0
226.633;0
226.706;0
226.777;0
226.85;0
226.929;0
vMx
FT
227.002;0
227.07;0
227.148;0
227.215;0
227.289;0
227.367;0
227.438;0
227.507;0
227.585;0
227.658;0
227.729;0
227.802;0
227.874;0
227.944;0
228.021;0
228.09;0
228.164;0
228.238;0
228.31;0
228.38;0
228.461;0
228.528;0
228.599;0
228.674;0
228.748;0
228.823;0
228.892;0
228.964;0
Mn
229.036;0
229.11;0
Mx
229.182;0
229.256;0
229.328;0
Mn
229.402;0
Mx
229.48;0
229.55;0
229.625;0
229.696;0
229.769;0
Mn
229.836;0
229.913;0
229.982;0
Mx
230.057;0
230.13;0
230.204;0
230.276;0
230.348;0
Mn
230.422;0
230.499;0
230.569;0
230.642;0
230.719;0
230.787;0
230.859;0
230.93;0
231.005;0
231.073;0
231.149;0
231.222;0
231.297;0
231.372;0
231.443;0
231.516;0
231.595;0
231.661;0
231.735;0
231.805;0
231.882;0
231.954;0
232.027;0
232.097;0
232.171;0
232.252;0
232.32;0
232.389;0
232.46;0
232.535;0
232.613;0
232.681;0
232.752;0
232.828;0
232.902;0
232.972;0
vMx
233.048;1
233.121;1
233.188;1
233.266;1
233.339;1
233.411;1
233.482;1
233.556;2
233.63;2
233.703;2
233.774;2
233.844;2
233.914;2
233.992;2
234.065;2
234.134;3
234.209;3
234.282;3
234.367;3
234.427;3
234.501;3
234.585;3
234.657;3
234.722;4
234.791;4
234.864;4
Mn
234.938;4
235.018;4
235.091;4
235.159;4
235.227;4
235.305;4
235.379;5
235.447;5
FA
235.521;0
235.599;0
235.667;0
235.739;0
235.811;0
235.883;0
235.966;0
236.033;0
236.107;0
236.182;0
236.252;0
236.322;0
236.396;0
236.466;0
236.542;0
236.617;0
vMx
FT
236.687;0
Mn
236.758;0
236.833;0
236.906;0
236.982;0
237.054;0
vMx
FT
237.124;0
237.202;0
237.272;0
237.342;0
237.421;0
237.492;0
237.561;0
237.637;0
237.709;0
237.778;0
237.851;0
237.925;0
238.001;0
238.073;0
238.145;0
238.219;0
238.288;0
238.362;0
238.435;0
238.51;0
238.582;0
238.654;0
238.731;0
238.803;0
238.873;0
238.945;0
239.017;0
Mn
239.092;0
239.165;0
239.242;0
239.311;0
239.391;0
239.461;0
239.528;0
239.602;0
239.672;0
239.743;0
239.818;0
239.895;0
239.967;0
240.036;0
240.107;0
240.183;0
240.254;0
240.328;0
240.4;0
240.473;0
240.549;0
240.619;0
240.692;0
240.768;0
240.844;0
240.916;0
240.987;0
241.056;0
241.13;0
vMx
FT
241.202;0
241.275;0
241.352;0
241.423;0
241.495;0
241.563;0
241.638;0
241.709;0
241.791;0
241.856;0
241.929;0
242.005;0
242.082;0
242.149;0
242.221;0
242.293;0
242.372;0
242.445;0
242.518;0
242.587;0
242.666;0
242.738;0
242.808;0
242.883;0
242.953;0
243.025;0
Mn
243.104;0
243.173;0
243.242;0
243.313;0
243.388;0
243.463;0
243.534;0
243.612;0
243.682;0
243.754;0
243.824;0
243.902;0
243.973;0
244.047;0
244.118;0
244.196;0
244.268;0
244.337;0
244.412;0
244.484;0
244.552;0
244.63;0
244.699;0
244.772;0
244.847;0
244.923;0
244.994;0
245.065;0
245.137;0
vMx
245.212;1
245.282;1
245.359;1
245.43;1
245.502;2
245.584;2
245.649;2
245.722;2
245.792;2
245.866;3
245.938;3
246.011;3
246.087;3
246.16;3
246.231;3
246.303;4
246.381;4
246.451;4
246.521;4
246.595;4
246.668;5
246.741;5
246.812;5
246.884;5
246.96;5
247.036;5
247.114;6
247.179;6
Mn
247.26;6
247.331;6
247.399;6
247.475;7
247.546;7
247.612;7
247.687;7
247.759;7
247.832;7
247.907;8
247.978;8
248.05;8
248.124;8
248.2;8
248.268;9
248.341;9
248.414;9
248.489;9
248.562;9
248.633;9
248.706;10
248.778;10
248.852;10
248.924;10
248.997;10
249.073;1
249.142;1
249.219;1
249.295;1
vMx
249.361;1
249.433;1
249.512;1
249.582;1
249.652;2
249.728;2
249.798;2
249.869;2
249.949;2
250.016;2
250.091;3
250.164;3
250.237;3
250.311;3
250.385;3
250.458;4
250.525;4
250.601;4
250.675;4
250.752;4
250.828;4
250.895;5
250.967;5
251.036;5
251.112;5
251.184;5
251.257;5
Mn
251.33;6
251.405;6
251.477;6
251.549;6
251.621;6
251.691;6
251.77;7
251.839;7
251.914;7
251.985;7
252.06;7
252.128;8
252.206;8
252.283;8
252.349;8
252.426;8
252.499;8
252.567;9
252.642;9
252.711;9
252.786;9
252.858;9
252.927;9
253.006;10
253.078;10
253.149;10
253.229;10
253.295;10
253.375;1
253.443;1
253.514;1
vMx
253.589;1
253.66;1
253.732;1
253.808;1
253.879;2
253.95;2
254.021;2
254.096;2
254.171;2
254.248;2
254.316;3
254.391;3
254.459;3
254.537;3
254.612;3
254.678;3
254.752;4
254.831;4
254.897;4
254.975;4
255.046;4
255.119;5
255.187;5
255.264;5
Mn
255.341;5
255.409;5
255.484;5
255.553;6
Mx
255.623;6
255.703;6
255.777;6
255.851;6
255.918;6
Mn
255.988;7
Mx
FA
256.067;0
256.139;0
256.208;0
Mn
256.285;0
256.353;0
256.426;0
256.5;0
256.576;0
256.648;0
256.722;0
256.794;0
256.868;0
256.938;0
257.013;0
257.085;0
257.155;0
257.231;0
257.3;0
257.374;0
257.45;0
257.523;0
257.595;0
257.669;0
257.739;0
257.814;0
257.883;0
257.957;0
258.035;0
258.103;0
vMx
258.181;1
258.251;1
258.324;1
Mn
258.392;1
FA
258.471;0
258.542;0
258.616;0
vMx
FT
258.685;0
258.763;0
258.84;0
258.919;0
258.982;0
259.054;0
259.125;0
259.201;0
259.27;0
259.341;0
259.414;0
259.495;0
259.564;0
259.636;0
259.705;0
259.785;0
259.854;0
259.923;0
260.001;0
260.07;0
260.14;0
260.221;0
260.29;0
260.365;0
260.442;0
260.511;0
260.577;0
Mn
260.652;0
260.727;0
Mx
260.799;0
260.872;0
260.946;0
261.022;0
261.093;0
261.165;0
261.238;0
Mn
261.308;0
Mx
261.38;0
261.455;0
Mn
261.527;0
261.6;0
261.678;0
261.745;0
261.819;0
261.893;0
261.966;0
262.036;0
262.114;0
262.182;0
262.261;0
262.328;0
262.408;0
262.479;0
262.553;0
262.619;0
262.697;0
262.767;0
262.84;0
262.911;0
262.982;0
263.056;0
263.13;0
263.202;0
263.276;0
263.349;0
263.418;0
263.493;0
263.567;0
263.636;0
263.719;0
263.79;0
263.864;0
263.936;0
264.005;0
264.083;0
264.152;0
264.223;0
264.297;0
264.368;0
264.445;0
264.512;0
264.588;0
264.659;0
vMx
FT
264.733;0
264.808;0
264.877;0
264.95;0
265.032;0
265.106;0
265.172;0
265.246;0
265.317;0
265.385;0
265.461;0
265.532;0
265.607;0
265.684;0
265.753;0
265.835;0
265.908;0
265.972;0
266.05;0
266.118;0
266.192;0
266.269;0
266.341;0
266.413;0
266.481;0
266.557;0
266.628;0
266.701;0
Mn
266.777;0
266.845;0
266.918;0
266.99;0
Mx
267.07;0
267.137;0
267.206;0
267.288;0
267.353;0
267.427;0
267.501;0
267.574;0
267.652;0
267.722;0
267.791;0
267.867;0
267.941;0
268.013;0
268.089;0
268.159;0
268.228;0
268.302;0
Mn
268.377;0
268.447;0
268.522;0
268.594;0
268.668;0
268.739;0
268.814;0
268.891;0
268.963;0
269.036;0
269.103;0
269.18;0
269.249;0
269.322;0
269.397;0
269.47;0
269.542;0
269.618;0
269.691;0
269.762;0
269.831;0
269.908;0
269.976;0
270.053;0
270.123;0
270.202;0
270.27;0
270.342;0
270.417;0
270.487;0
270.563;0
270.632;0
270.707;0
270.781;0
270.855;0
270.929;0
271;0
271.07;0
vMx
271.142;1
271.215;1
271.289;1
271.361;1
271.439;1
271.517;1
271.586;1
271.657;2
271.728;2
271.799;2
271.873;2
271.945;2
272.014;2
272.091;2
272.164;2
272.237;2
272.311;3
272.383;3
272.452;3
272.527;3
272.598;3
272.674;3
Mn
272.747;3
272.82;3
272.893;3
FA
272.965;0
273.038;0
273.112;0
273.184;0
vMx
FT
273.254;0
273.329;0
273.409;0
273.471;0
273.55;0
273.621;0
273.696;0
273.772;0
Mn
273.839;0
273.911;0
273.981;0
274.056;0
274.124;0
274.198;0
274.276;0
274.348;0
274.424;0
274.495;0
274.565;0
274.637;0
274.714;0
274.784;0
274.866;0
274.934;0
275.002;0
275.075;0
275.149;0
275.222;0
275.295;0
275.367;0
275.441;0
275.513;0
275.586;0
275.666;0
275.735;0
275.81;0
275.878;0
275.954;0
276.024;0
276.096;0
vMx
FT
276.172;0
276.241;0
276.319;0
276.391;0
276.464;0
276.538;0
276.604;0
276.679;0
276.755;0
276.825;0
276.906;0
276.974;0
277.045;0
277.122;0
277.189;0
277.262;0
277.335;0
277.407;0
277.481;0
277.556;0
277.628;0
277.703;0
277.772;0
277.843;0
277.924;0
277.989;0
278.06;0
278.135;0
278.21;0
278.28;0
278.354;0
278.427;0
278.501;0
278.571;0
278.645;0
278.721;0
Mn
278.794;0
278.864;0
278.937;0
279.009;0
279.083;0
279.155;0
279.229;0
279.305;0
279.379;0
279.45;0
279.522;0
279.591;0
279.662;0
279.742;0
279.81;0
279.892;0
279.957;0
280.036;0
280.112;0
280.178;0
280.254;0
280.326;0
280.396;0
280.471;0
280.538;0
280.613;0
280.684;0
280.76;0
280.831;0
280.905;0
280.977;0
281.048;0
281.122;0
281.194;0
281.271;0
281.342;0
281.415;0
281.486;0
281.561;0
281.633;0
281.71;0
281.785;0
281.851;0
vMx
FT
281.925;0
282.001;0
282.069;0
282.141;0
282.214;0
282.291;0
282.361;0
282.434;0
282.512;0
282.584;0
282.654;0
282.734;0
282.799;0
282.871;0
282.945;0
283.016;0
283.086;0
283.167;0
283.235;0
283.307;0
283.381;0
283.454;0
283.529;0
283.603;0
283.677;0
283.75;0
283.822;0
283.89;0
283.964;0
284.037;0
284.12;0
284.189;0
284.257;0
284.332;0
284.402;0
Mn
284.473;0
Mx
284.547;0
284.62;0
284.698;0
284.774;0
284.838;0
Mn
284.913;0
284.981;0
285.057;0
285.125;0
285.206;0
285.28;0
285.351;0
285.424;0
285.497;0
285.569;0
285.638;0
285.712;0
285.783;0
285.866;0
285.93;0
286.006;0
286.077;0
286.152;0
286.229;0
286.295;0
286.375;0
286.44;0
286.514;0
286.588;0
286.663;0
286.731;0
286.805;0
286.878;0
286.951;0
287.026;0
287.099;0
287.173;0
287.241;0
287.319;0
287.388;0
287.461;0
287.534;0
287.606;0
287.68;0
287.752;0
287.827;0
287.903;0
287.977;0
288.044;0
vMx
288.119;1
288.188;1
288.26;1
288.333;1
288.411;1
288.485;1
288.553;1
288.633;2
288.7;2
288.769;2
288.846;2
288.918;2
288.995;2
289.067;2
289.142;2
289.207;3
289.277;3
289.355;3
289.427;3
289.496;3
289.572;3
289.647;3
289.721;3
289.794;3
289.861;4
289.936;4
290.01;4
Mn
290.086;4
290.158;4
Mx
290.228;4
290.304;4
290.374;4
290.445;5
Mn
290.519;5
Mx
290.598;5
290.668;5
290.738;5
290.81;5
290.884;5
290.956;5
291.026;5
Mn
291.1;6
291.183;6
291.247;6
Mx
291.322;6
291.391;6
Mn
291.47;6
291.542;6
291.61;6
291.686;7
291.758;7
291.832;7
291.907;7
291.977;7
292.055;7
292.124;7
292.204;7
292.268;7
292.343;8
292.414;8
292.487;8
292.56;8
292.632;8
292.704;8
292.781;8
292.858;8
292.923;9
292.999;9
293.072;9
293.146;9
293.218;9
293.292;9
293.364;9
293.437;9
293.507;9
293.578;10
293.652;10
293.724;10
293.806;10
293.875;10
293.943;10
294.018;10
294.093;10
294.163;1
294.234;1
294.311;1
294.383;1
294.454;1
FA
294.527;0
294.598;0
294.671;0
294.746;0
294.818;0
vMx
294.898;1
294.966;1
295.04;1
295.109;1
295.19;1
295.259;1
295.329;1
295.399;1
295.471;2
295.543;2
295.621;2
295.694;2
295.768;2
295.842;2
295.91;2
295.991;2
296.063;2
296.138;3
296.201;3
296.28;3
296.352;3
296.418;3
296.492;3
296.565;3
296.639;3
296.715;3
296.787;4
296.857;4
296.936;4
297.007;4
297.077;4
297.154;4
Mn
297.229;4
Mx
297.294;4
297.369;4
297.441;5
297.523;5
Mn
297.586;5
Mx
297.662;5
Mn
297.733;5
297.807;5
Mx
297.878;5
297.949;5
298.027;5
298.098;5
298.174;6
Mn
298.245;6
298.316;6
298.388;6
298.461;6
298.533;6
298.607;6
298.677;6
298.753;6
298.825;7
298.9;7
298.981;7
299.043;7
299.118;7
299.189;7
299.262;7
299.333;7
299.408;7
299.478;8
299.554;8
299.628;8
299.699;8
299.77;8
299.843;8
299.918;8
299.988;8
300.065;8
300.135;8
300.211;9
300.287;9
300.354;9
300.432;9
300.501;9
300.574;9
300.649;9
300.718;9
300.795;9
300.865;10
300.937;10
vMx
301.01;1
301.083;1
301.159;1
Mn
301.227;1
301.3;1
vMx
FT
301.375;0
301.446;0
301.519;0
301.59;0
301.665;0
301.742;0
301.812;0
301.881;0
301.964;0
302.032;0
302.11;0
302.178;0
302.247;0
302.325;0
302.397;0
302.472;0
302.541;0
302.614;0
302.692;0
302.761;0
302.837;0
302.908;0
302.987;0
303.059;0
303.133;0
303.196;0
303.273;0
303.343;0
303.414;0
303.487;0
Mn
303.561;0
303.638;0
303.707;0
303.78;0
303.854;0
303.925;0
303.999;0
304.073;0
304.147;0
304.216;0
304.287;0
304.365;0
304.436;0
304.507;0
304.579;0
304.652;0
304.724;0
304.797;0
304.871;0
304.942;0
305.017;0
305.095;0
305.17;0
305.242;0
305.312;0
305.381;0
305.453;0
305.525;0
305.605;0
305.674;0
305.745;0
305.83;0
305.898;0
305.968;0
306.042;0
306.109;0
306.182;0
vMx
FT
306.255;0
Mn
306.328;0
306.402;0
306.477;0
306.546;0
306.62;0
vMx
FT
306.688;0
306.766;0
306.837;0
306.912;0
306.985;0
307.059;0
307.13;0
307.203;0
307.276;0
307.348;0
307.422;0
307.494;0
307.565;0
307.64;0
307.712;0
307.787;0
307.855;0
307.932;0
308.004;0
308.074;0
308.152;0
308.225;0
308.301;0
308.367;0
308.438;0
308.519;0
308.587;0
308.661;0
308.732;0
Mn
308.806;0
Mx
308.884;0
308.951;0
309.022;0
Mn
309.091;0
309.171;0
309.239;0
309.311;0
309.39;0
309.468;0
309.536;0
309.605;0
309.68;0
309.754;0
309.829;0
309.897;0
309.975;0
310.047;0
310.114;0
310.19;0
310.268;0
310.335;0
310.409;0
310.487;0
310.551;0
310.62;0
310.698;0
310.776;0
310.845;0
310.921;0
310.99;0
311.07;0
311.142;0
311.212;0
311.282;0
311.356;0
311.428;0
vMx
FT
311.504;0
311.574;0
Mn
311.646;0
311.721;0
311.8;0
311.869;0
311.937;0
312.009;0
312.083;0
312.152;0
312.231;0
312.303;0
312.374;0
312.444;0
312.518;0
312.593;0
312.673;0
312.738;0
vMx
FT
312.811;0
312.883;0
312.957;0
313.03;0
313.103;0
313.175;0
313.252;0
313.323;0
313.392;0
313.47;0
313.54;0
313.613;0
313.689;0
313.762;0
313.832;0
313.909;0
313.979;0
314.054;0
314.122;0
314.203;0
314.267;0
314.344;0
314.415;0
314.487;0
314.562;0
314.635;0
314.706;0
314.779;0
314.851;0
Mn
314.927;0
314.998;0
315.072;0
315.142;0
315.22;0
315.289;0
315.36;0
315.434;0
315.505;0
315.582;0
315.653;0
315.726;0
315.799;0
315.874;0
315.948;0
316.02;0
316.089;0
316.163;0
316.234;0
316.309;0
316.386;0
316.456;0
316.53;0
316.606;0
316.672;0
316.746;0
316.817;0
316.895;0
316.964;0
317.037;0
317.112;0
317.184;0
317.26;0
317.329;0
317.409;0
317.475;0
317.546;0
317.617;0
317.692;0
vMx
FT
317.767;0
317.836;0
317.914;0
317.984;0
318.056;0
318.13;0
318.201;0
318.274;0
318.355;0
318.426;0
318.496;0
318.572;0
318.641;0
318.711;0
318.785;0
318.856;0
318.929;0
319.002;0
319.075;0
319.148;0
Mn
319.229;0
319.297;0
Mx
319.366;0
319.439;0
Mn
319.512;0
319.591;0
319.658;0
319.733;0
319.805;0
319.88;0
Mx
319.953;0
320.022;0
Mn
320.095;0
320.171;0
320.241;0
320.314;0
320.391;0
320.466;0
320.536;0
320.609;0
320.685;0
320.754;0
320.823;0
320.904;0
320.969;0
321.049;0
321.114;0
321.193;0
321.262;0
321.339;0
321.414;0
321.484;0
321.555;0
321.624;0
321.703;0
321.776;0
321.85;0
321.918;0
321.995;0
322.065;0
322.132;0
322.215;0
322.28;0
vMx
322.356;1
322.428;1
322.497;1
322.573;1
322.649;1
322.721;2
322.788;2
322.865;2
322.937;2
323.011;2
323.088;2
323.155;3
323.229;3
323.305;3
323.379;3
323.448;3
323.518;3
323.597;4
323.667;4
323.743;4
323.81;4
323.884;4
323.956;4
324.03;4
324.102;5
324.178;5
324.261;5
Mn
324.321;5
324.396;5
324.47;5
324.541;6
324.612;6
324.688;6
324.756;6
324.831;6
324.91;6
324.978;7
325.048;7
325.12;7
325.201;7
325.272;7
325.344;7
325.412;7
325.488;8
325.559;8
325.636;8
325.705;8
325.782;8
325.851;8
325.923;9
325.997;9
326.07;9
326.143;9
326.216;9
326.288;9
326.36;10
326.434;10
326.508;10
326.577;10
326.65;10
326.721;10
326.795;10
vMx
326.871;1
326.944;1
327.015;1
327.093;1
327.163;2
327.243;2
327.312;2
327.386;2
327.457;2
327.529;2
327.6;2
327.675;3
327.754;3
327.821;3
327.894;3
327.968;3
328.038;3
328.116;4
328.182;4
328.258;4
328.33;4
328.401;4
328.475;4
328.545;5
328.621;5
328.691;5
328.765;5
328.838;5
Mn
328.913;5
328.982;6
329.056;6
329.128;6
329.204;6
Mx
329.276;6
329.345;6
Mn
329.42;7
329.492;7
329.568;7
329.639;7
329.712;7
329.785;7
329.858;7
329.932;8
330.002;8
330.075;8
330.15;8
330.221;8
330.292;8
330.371;9
330.441;9
330.515;9
330.584;9
330.657;9
330.731;9
330.805;10
330.878;10
330.945;10
331.022;10
331.096;10
331.17;10
vMx
331.248;1
331.316;1
331.386;1
Mn
331.459;1
331.531;2
FA
331.609;0
331.685;0
vMx
FT
331.752;0
331.83;0
331.895;0
331.974;0
332.047;0
332.119;0
332.189;0
332.264;0
332.334;0
332.407;0
332.483;0
332.552;0
332.626;0
332.701;0
332.771;0
332.844;0
332.919;0
332.991;0
333.064;0
333.136;0
333.207;0
333.281;0
333.353;0
333.43;0
333.5;0
333.57;0
Mn
333.65;0
333.723;0
333.795;0
333.863;0
333.938;0
334.009;0
334.081;0
334.155;0
334.227;0
334.301;0
334.373;0
334.443;0
334.523;0
334.595;0
334.666;0
334.736;0
334.809;0
334.885;0
334.955;0
335.034;0
335.106;0
335.179;0
335.249;0
335.324;0
335.392;0
335.469;0
335.541;0
335.61;0
335.684;0
335.769;0
335.832;0
335.904;0
335.981;0
336.056;0
336.123;0
336.194;0
336.268;0
336.342;0
vMx
FT
336.411;0
336.485;0
336.557;0
336.636;0
336.703;0
336.78;0
336.851;0
336.921;0
337.001;0
337.073;0
337.142;0
337.217;0
337.297;0
337.37;0
337.436;0
337.507;0
337.578;0
337.657;0
337.73;0
Mn
337.802;0
Mx
337.872;0
337.944;0
338.015;0
338.09;0
Mn
338.168;0
338.238;0
Mx
338.307;0
Mn
338.38;0
Mx
338.457;0
338.527;0
338.602;0
338.672;0
338.746;0
Mn
338.821;0
338.89;0
338.965;0
339.04;0
339.11;0
339.184;0
339.259;0
339.331;0
339.401;0
339.478;0
339.551;0
339.618;0
339.694;0
339.761;0
339.839;0
339.907;0
339.984;0
340.056;0
340.13;0
340.201;0
340.275;0
340.35;0
340.421;0
340.495;0
340.572;0
340.64;0
340.71;0
340.79;0
340.858;0
vMx
340.933;1
341.003;1
341.076;1
341.155;1
341.228;2
341.299;2
341.368;2
341.438;2
341.514;2
341.586;2
341.66;2
341.731;3
341.803;3
341.885;3
341.951;3
342.023;3
342.102;3
342.167;4
342.248;4
342.32;4
342.396;4
342.47;4
342.546;4
342.619;5
342.686;5
342.754;5
Mn
342.824;5
342.899;5
342.97;5
343.045;6
343.118;6
343.189;6
343.261;6
343.335;6
343.411;6
343.486;6
343.557;7
343.621;7
343.702;7
343.773;7
343.846;7
343.917;7
343.993;8
344.07;8
344.149;8
344.211;8
344.282;8
344.357;8
344.427;9
344.503;9
vMx
FA
344.575;0
Mn
344.646;0
344.718;0
344.795;0
344.864;0
344.939;0
345.013;0
345.084;0
345.153;0
vMx
FT
345.227;0
345.302;0
345.373;0
345.448;0
345.52;0
345.596;0
345.675;0
345.738;0
345.816;0
345.887;0
345.958;0
346.035;0
346.112;0
346.178;0
346.248;0
346.324;0
346.396;0
346.469;0
346.539;0
346.611;0
346.686;0
346.764;0
346.833;0
346.905;0
346.981;0
347.055;0
Mn
347.131;0
347.194;0
347.268;0
347.337;0
347.413;0
347.487;0
347.558;0
Mx
347.631;0
347.707;0
Mn
347.778;0
347.853;0
347.923;0
348;0
348.068;0
348.148;0
348.221;0
348.292;0
348.362;0
348.439;0
348.513;0
vMx
FT
348.58;0
Mn
348.653;0
348.724;0
348.796;0
348.873;0
348.947;0
349.018;0
349.092;0
349.163;0
349.234;0
349.307;0
349.383;0
349.454;0
vMx
FT
349.53;0
349.601;0
349.673;0
349.741;0
349.82;0
349.888;0
349.969;0
350.037;0
350.11;0
350.186;0
350.258;0
350.33;0
350.405;0
350.474;0
350.549;0
350.622;0
350.695;0
350.767;0
350.837;0
350.912;0
350.984;0
351.056;0
351.126;0
351.204;0
351.274;0
351.348;0
351.419;0
351.492;0
351.567;0
351.638;0
351.711;0
Mn
351.786;0
351.857;0
351.931;0
352.005;0
352.078;0
352.153;0
352.228;0
352.296;0
352.372;0
352.444;0
352.514;0
352.586;0
352.658;0
352.732;0
352.8;0
352.876;0
352.948;0
353.023;0
353.096;0
353.172;0
353.24;0
353.318;0
353.387;0
353.455;0
353.541;0
353.609;0
353.678;0
vMx
FT
353.749;0
353.827;0
353.906;0
353.979;0
354.041;0
354.117;0
354.19;0
354.262;0
354.336;0
354.405;0
354.482;0
354.56;0
354.626;0
354.701;0
354.771;0
354.848;0
354.919;0
354.989;0
355.066;0
355.136;0
Mn
355.211;0
355.284;0
Mx
355.355;0
355.427;0
355.507;0
355.574;0
355.648;0
355.718;0
Mn
355.796;0
355.866;0
355.937;0
356.01;0
356.088;0
356.157;0
356.228;0
356.299;0
356.371;0
356.451;0
356.521;0
356.595;0
356.666;0
356.735;0
356.81;0
356.885;0
356.955;0
357.037;0
357.107;0
357.175;0
357.248;0
357.321;0
357.395;0
357.467;0
357.539;0
357.615;0
357.691;0
357.759;0
357.829;0
357.909;0
357.976;0
358.048;0
358.123;0
358.195;0
358.28;0
vMx
358.341;1
358.416;1
FA
358.486;0
Mn
358.559;0
vMx
FT
358.629;0
358.705;0
358.779;0
358.85;0
358.92;0
358.996;0
359.069;0
359.148;0
359.214;0
359.286;0
359.361;0
359.44;0
359.508;0
359.578;0
359.651;0
359.727;0
359.796;0
359.869;0
359.949;0
360.023;0
360.093;0
360.16;0
360.233;0
360.307;0
360.378;0
360.45;0
360.528;0
360.597;0
Mn
360.672;0
360.746;0
360.819;0
360.893;0
360.967;0
361.041;0
361.115;0
361.181;0
361.253;0
361.325;0
361.404;0
361.477;0
361.545;0
361.619;0
361.691;0
361.765;0
361.839;0
361.913;0
361.982;0
362.055;0
362.127;0
362.199;0
362.276;0
vMx
FT
362.352;0
362.418;0
362.494;0
Mn
362.567;0
362.638;0
362.711;0
362.786;0
362.863;0
362.931;0
363.002;0
363.072;0
363.152;0
363.224;0
363.295;0
vMx
FT
363.372;0
363.439;0
363.514;0
363.585;0
363.657;0
363.733;0
363.803;0
363.878;0
363.948;0
364.024;0
364.097;0
364.17;0
364.241;0
364.315;0
364.392;0
364.461;0
364.532;0
364.605;0
364.68;0
364.752;0
364.825;0
364.9;0
364.971;0
365.046;0
365.116;0
Mn
365.192;0
Mx
365.258;0
365.332;0
365.407;0
365.48;0
365.554;0
365.625;0
365.697;0
365.775;0
Mn
365.843;0
365.916;0
365.985;0
366.065;0
366.135;0
366.212;0
366.285;0
366.355;0
366.427;0
366.5;0
366.566;0
366.649;0
366.721;0
366.788;0
366.863;0
366.937;0
367.008;0
367.082;0
367.155;0
367.228;0
367.3;0
367.374;0
367.444;0
367.522;0
vMx
FT
367.595;0
367.667;0
Mn
367.749;0
367.816;0
367.884;0
367.958;0
368.028;0
368.107;0
368.176;0
368.247;0
368.32;0
368.393;0
368.464;0
368.544;0
368.616;0
vMx
FT
368.682;0
368.759;0
368.838;0
368.906;0
368.975;0
369.047;0
369.121;0
369.195;0
369.268;0
369.339;0
369.414;0
369.487;0
369.558;0
369.637;0
369.711;0
369.778;0
369.852;0
369.924;0
369.995;0
370.069;0
370.143;0
370.214;0
370.293;0
370.362;0
370.432;0
370.506;0
370.58;0
Mn
370.651;0
Mx
370.723;0
370.798;0
370.867;0
370.94;0
371.015;0
Mn
371.089;0
371.161;0
371.235;0
371.306;0
371.385;0
371.454;0
371.525;0
371.601;0
371.677;0
371.748;0
371.823;0
371.895;0
371.967;0
372.036;0
372.113;0
372.184;0
372.253;0
372.328;0
372.402;0
372.471;0
372.547;0
372.619;0
372.688;0
372.762;0
372.845;0
372.913;0
372.984;0
373.054;0
373.134;0
373.204;0
373.277;0
373.349;0
373.428;0
373.497;0
373.564;0
vMx
FT
373.641;0
373.71;0
373.783;0
373.856;0
373.929;0
373.997;0
374.077;0
374.149;0
374.223;0
374.295;0
374.366;0
374.44;0
374.511;0
374.586;0
374.66;0
374.731;0
374.801;0
374.875;0
374.949;0
375.026;0
375.099;0
375.168;0
375.245;0
375.313;0
375.385;0
375.462;0
Mn
375.534;0
375.606;0
Mx
375.677;0
375.751;0
Mn
375.826;0
375.9;0
Mx
375.973;0
376.043;0
376.118;0
376.192;0
376.267;0
Mn
376.337;0
376.408;0
376.476;0
376.553;0
376.626;0
376.696;0
376.768;0
376.843;0
376.92;0
376.99;0
377.063;0
377.134;0
377.208;0
377.284;0
377.352;0
377.426;0
377.5;0
377.57;0
377.653;0
377.716;0
377.791;0
377.863;0
377.943;0
378.013;0
378.084;0
378.158;0
378.229;0
378.303;0
378.375;0
378.447;0
378.517;0
vMx
378.591;1
378.665;1
378.741;1
378.81;1
378.885;1
378.958;2
379.027;2
379.102;2
379.174;2
379.248;2
379.32;2
379.391;2
379.471;3
379.54;3
379.614;3
379.681;3
379.764;3
379.836;3
379.903;3
379.982;4
380.051;4
380.122;4
380.199;4
380.269;4
Mn
380.345;4
380.415;5
Mx
380.486;5
380.557;5
380.631;5
380.703;5
380.781;5
380.851;5
380.922;6
380.995;6
381.07;6
Mn
381.141;6
381.213;6
381.285;6
381.362;6
381.432;7
381.505;7
FA
381.578;0
381.651;0
381.722;0
381.798;0
381.87;0
381.944;0
382.014;0
382.086;0
382.171;0
382.238;0
382.315;0
382.382;0
382.453;0
382.527;0
382.595;0
382.672;0
382.744;0
382.817;0
382.892;0
vMx
382.964;1
383.036;1
Mn
383.112;1
383.186;1
FA
383.257;0
383.327;0
383.399;0
383.472;0
383.546;0
383.62;0
383.693;0
383.763;0
vMx
FT
383.835;0
383.912;0
383.983;0
384.055;0
384.129;0
384.2;0
384.273;0
384.351;0
384.423;0
384.499;0
384.567;0
384.636;0
384.711;0
384.784;0
384.855;0
384.941;0
385.007;0
385.075;0
385.147;0
385.224;0
385.296;0
385.37;0
385.439;0
385.517;0
385.583;0
385.659;0
385.731;0
385.805;0
385.881;0
385.951;0
386.022;0
386.094;0
386.168;0
386.239;0
386.315;0
Mn
386.39;0
386.459;0
386.534;0
386.605;0
386.676;0
386.749;0
386.826;0
386.894;0
386.968;0
387.043;0
387.117;0
387.192;0
387.262;0
387.333;0
387.408;0
387.482;0
387.553;0
387.63;0
387.702;0
387.772;0
387.844;0
387.919;0
387.987;0
388.061;0
388.133;0
vMx
FT
388.211;0
388.283;0
Mn
388.354;0
388.426;0
388.497;0
388.571;0
388.643;0
388.716;0
388.795;0
388.866;0
vMx
FT
388.935;0
389.012;0
Mn
389.081;0
389.154;0
vMx
FT
389.229;0
389.295;0
389.377;0
389.444;0
389.521;0
389.593;0
389.665;0
389.737;0
389.807;0
389.882;0
389.955;0
390.029;0
390.104;0
390.18;0
390.248;0
390.325;0
390.394;0
390.463;0
390.541;0
390.613;0
Mn
390.686;0
390.757;0
Mx
390.829;0
390.903;0
390.974;0
391.054;0
391.121;0
391.205;0
Mn
391.271;0
391.348;0
391.412;0
391.49;0
Mx
391.564;0
Mn
391.634;0
391.704;0
391.775;0
391.851;0
391.926;0
391.997;0
392.066;0
392.141;0
392.212;0
392.284;0
392.361;0
392.438;0
392.506;0
392.585;0
392.652;0
392.725;0
392.802;0
392.874;0
392.949;0
393.014;0
393.089;0
393.167;0
393.241;0
393.31;0
393.388;0
393.458;0
393.524;0
vMx
FT
393.597;0
393.67;0
393.744;0
393.816;0
393.894;0
393.963;0
394.034;0
394.106;0
394.183;0
394.255;0
394.327;0
394.399;0
394.476;0
394.55;0
394.617;0
394.694;0
394.765;0
394.84;0
394.91;0
394.981;0
395.056;0
395.131;0
395.205;0
395.28;0
395.345;0
395.419;0
395.493;0
395.568;0
395.644;0
395.715;0
395.789;0
395.858;0
395.927;0
Mn
396.004;0
396.077;0
396.152;0
396.22;0
396.292;0
396.367;0
396.445;0
396.515;0
396.591;0
396.657;0
396.731;0
396.807;0
396.875;0
396.947;0
397.022;0
397.094;0
397.17;0
397.239;0
397.314;0
397.385;0
397.461;0
397.532;0
397.611;0
397.684;0
397.752;0
397.823;0
397.897;0
397.969;0
398.041;0
398.118;0
398.189;0
398.266;0
398.338;0
398.406;0
398.481;0
398.555;0
398.625;0
398.696;0
vMx
398.77;1
398.842;1
398.916;1
398.988;1
399.061;1
399.132;2
399.21;2
399.283;2
399.355;2
399.43;2
399.495;2
399.571;2
399.642;3
399.72;3
399.791;3
399.861;3
399.935;3
400.003;3
400.085;3
400.159;4
400.23;4
400.299;4
400.375;4
400.449;4
400.523;4
400.593;4
400.667;4
400.749;5
400.815;5
400.884;5
400.953;5
401.03;5
401.105;5
401.175;5
401.249;6
401.322;6
Mn
401.391;6
401.462;6
401.544;6
401.613;6
401.686;6
401.763;7
401.833;7
401.903;7
401.977;7
402.049;7
402.119;7
402.194;7
402.271;8
402.339;8
402.414;8
402.492;8
402.56;8
402.628;8
402.708;8
402.776;9
402.853;9
402.923;9
402.997;9
403.07;9
403.145;9
403.213;9
403.285;10
403.362;10
403.434;10
403.504;10
403.578;10
403.658;10
403.729;10
403.801;1
403.87;1
403.944;1
404.015;1
404.086;1
FA
404.165;0
404.24;0
vMx
404.31;1
404.383;1
404.455;1
404.525;1
404.598;1
404.676;1
404.744;2
404.818;2
404.891;2
404.962;2
405.033;2
405.114;2
405.182;2
405.258;3
405.333;3
405.401;3
405.472;3
405.549;3
405.62;3
405.694;3
405.767;3
405.838;4
405.908;4
405.985;4
406.057;4
406.128;4
406.197;4
406.272;4
406.348;4
Mn
406.422;5
406.494;5
406.565;5
406.64;5
406.715;5
406.783;5
Mx
406.854;5
406.935;6
407.003;6
407.08;6
407.151;6
FA
407.223;0
407.294;0
407.37;0
Mn
407.444;0
407.511;0
Mx
407.587;0
407.658;0
407.729;0
407.804;0
407.883;0
407.954;0
408.024;0
Mn
408.094;0
408.169;0
408.243;0
408.314;0
408.388;0
408.463;0
408.537;0
408.609;0
408.678;0
408.751;0
408.824;0
408.896;0
408.968;0
409.046;0
409.125;0
409.194;0
409.267;0
409.337;0
409.405;0
409.477;0
409.552;0
409.622;0
409.696;0
409.769;0
409.844;0
409.92;0
409.989;0
410.073;0
410.145;0
vMx
410.205;1
410.279;1
410.356;1
410.423;1
410.502;1
410.572;1
410.643;1
410.716;2
410.789;2
410.863;2
410.933;2
411.018;2
411.086;2
411.155;2
411.23;2
411.303;3
411.377;3
411.451;3
411.522;3
411.593;3
411.663;3
411.739;3
411.812;3
411.881;4
411.955;4
412.029;4
412.105;4
412.174;4
Mn
412.25;4
412.327;4
412.394;4
Mx
412.469;5
412.538;5
Mn
412.612;5
412.688;5
Mx
412.76;5
412.83;5
412.907;5
412.983;5
413.054;6
413.125;6
413.196;6
Mn
413.268;6
413.347;6
413.412;6
413.486;6
413.565;6
413.638;7
413.71;7
413.781;7
413.851;7
413.922;7
413.992;7
414.076;7
414.146;7
414.218;8
414.292;8
414.36;8
414.429;8
414.506;8
414.583;8
414.659;8
414.725;8
414.797;9
414.874;9
FA
414.944;0
415.016;0
415.094;0
415.163;0
415.234;0
415.31;0
415.383;0
415.452;0
415.526;0
415.607;0
vMx
415.672;1
415.751;1
415.82;1
415.889;1
415.961;1
416.045;1
416.108;2
416.18;2
416.254;2
416.327;2
416.401;2
416.471;2
416.545;2
416.621;3
416.7;3
416.765;3
416.837;3
416.907;3
416.982;3
417.053;3
417.125;3
417.199;4
417.277;4
417.354;4
417.423;4
417.495;4
417.564;4
417.639;4
417.717;5
417.787;5
417.856;5
417.933;5
418;5
418.075;5
418.148;5
418.223;5
418.292;6
418.371;6
Mn
418.438;6
Mx
418.512;6
418.589;6
418.655;6
418.73;6
418.805;7
418.878;7
418.949;7
Mn
419.021;7
Mx
419.095;7
419.17;7
Mn
419.247;7
419.319;7
419.39;8
419.464;8
419.537;8
419.605;8
419.684;8
419.757;8
419.823;8
419.903;9
419.972;9
420.044;9
FA
420.117;0
420.187;0
420.261;0
420.337;0
420.406;0
vMx
FA
420.477;0
420.552;0
420.627;0
420.697;0
420.778;0
420.842;0
420.917;0
420.992;0
421.065;0
421.134;0
421.208;0
421.278;0
421.352;0
421.433;0
Mn
421.507;0
Mx
421.572;0
421.649;0
421.718;0
421.79;0
Mn
421.867;0
421.937;0
422.01;0
vMx
FT
422.086;0
422.161;0
422.228;0
422.305;0
422.374;0
422.448;0
422.52;0
422.592;0
422.664;0
Mn
422.736;0
422.809;0
422.886;0
422.962;0
423.032;0
423.106;0
423.177;0
423.247;0
Mx
423.322;0
423.395;0
Mn
423.468;0
423.538;0
423.609;0
423.684;0
423.757;0
vMx
FT
423.829;0
423.907;0
Mn
423.974;0
424.055;0
424.126;0
vMx
FT
424.196;0
424.268;0
424.341;0
424.412;0
424.485;0
424.559;0
424.633;0
Mn
424.703;0
424.78;0
424.85;0
424.921;0
424.993;0
425.067;0
425.137;0
425.212;0
425.295;0
425.372;0
425.438;0
425.51;0
425.575;0
425.651;0
425.724;0
425.797;0
425.87;0
425.946;0
426.021;0
426.093;0
426.166;0
426.234;0
426.308;0
426.381;0
426.458;0
vMx
FT
426.525;0
426.602;0
426.669;0
426.748;0
426.818;0
426.891;0
426.963;0
427.037;0
427.111;0
427.182;0
427.255;0
427.329;0
427.408;0
427.473;0
427.543;0
427.621;0
427.69;0
427.769;0
427.841;0
427.908;0
427.982;0
428.054;0
428.129;0
428.206;0
428.274;0
428.347;0
428.422;0
428.495;0
428.565;0
Mn
428.641;0
428.714;0
428.785;0
428.855;0
428.93;0
429.004;0
429.076;0
429.15;0
429.226;0
429.301;0
429.372;0
429.441;0
429.508;0
429.585;0
429.661;0
429.73;0
429.806;0
429.877;0
429.95;0
430.029;0
430.097;0
430.168;0
430.24;0
430.312;0
430.385;0
430.458;0
430.531;0
vMx
FT
430.609;0
430.678;0
430.752;0
430.822;0
430.898;0
430.967;0
431.044;0
431.12;0
431.19;0
431.259;0
431.333;0
431.408;0
431.479;0
431.554;0
431.624;0
431.703;0
431.774;0
431.842;0
431.919;0
431.992;0
432.069;0
432.133;0
432.212;0
432.281;0
432.356;0
432.423;0
432.498;0
432.572;0
432.646;0
432.714;0
432.79;0
432.864;0
432.938;0
433.004;0
433.081;0
433.157;0
433.225;0
433.293;0
433.372;0
433.446;0
Mn
433.52;0
433.593;0
433.662;0
433.741;0
433.816;0
433.883;0
433.957;0
434.025;0
434.106;0
434.177;0
434.251;0
434.317;0
434.4;0
434.469;0
434.537;0
434.612;0
434.685;0
434.759;0
434.826;0
434.901;0
434.975;0
435.048;0
435.121;0
435.194;0
435.266;0
vMx
435.342;1
435.416;1
435.486;1
435.56;1
435.633;1
435.704;2
435.779;2
435.852;2
435.927;2
435.998;2
436.067;2
436.141;3
436.214;3
436.294;3
436.361;3
436.432;3
436.504;3
436.579;3
436.652;4
436.728;4
436.803;4
436.873;4
436.937;4
437.019;4
437.092;5
437.157;5
437.233;5
437.306;5
437.377;5
437.457;5
437.533;5
437.596;6
437.676;6
437.745;6
437.817;6
437.891;6
437.963;6
438.038;7
Mn
438.107;7
438.183;7
FA
438.256;0
438.335;0
438.408;0
438.474;0
438.548;0
438.619;0
438.69;0
438.763;0
438.836;0
438.915;0
438.984;0
439.06;0
439.137;0
439.207;0
439.275;0
439.351;0
439.415;0
439.494;0
439.573;0
439.642;0
439.711;0
439.787;0
vMx
439.859;1
439.933;1
440.003;1
440.075;1
440.148;2
440.221;2
440.295;2
440.37;2
440.444;2
440.512;2
440.585;2
440.66;3
440.731;3
440.805;3
440.88;3
440.95;3
441.023;3
441.097;4
441.173;4
441.244;4
441.315;4
441.386;4
441.456;4
441.533;5
441.607;5
441.679;5
441.748;5
441.825;5
441.899;5
441.968;6
442.041;6
442.115;6
442.19;6
442.265;6
442.333;6
442.406;7
442.481;7
442.554;7
FA
442.626;0
Mn
442.695;0
442.77;0
442.843;0
442.92;0
442.994;0
443.062;0
443.133;0
443.207;0
443.279;0
443.361;0
443.431;0
443.498;0
443.575;0
443.643;0
443.717;0
443.793;0
443.865;0
443.939;0
444.007;0
444.084;0
444.155;0
444.227;0
444.306;0
444.372;0
444.449;0
444.52;0
444.595;0
444.665;0
444.736;0
vMx
444.809;1
444.88;1
444.956;1
445.032;1
445.108;1
445.178;2
445.249;2
445.319;2
445.393;2
445.466;2
445.541;2
445.615;2
445.683;3
445.758;3
445.836;3
445.907;3
445.979;3
446.052;3
446.131;3
446.197;4
446.266;4
446.352;4
446.418;4
446.49;4
446.563;4
446.637;5
446.707;5
446.781;5
Mn
446.853;5
446.924;5
Mx
446.997;5
447.068;5
447.142;6
Mn
447.215;6
447.294;6
447.357;6
447.437;6
447.507;6
447.581;6
447.67;7
FA
447.731;0
447.797;0
447.867;0
447.942;0
448.015;0
448.089;0
448.165;0
448.236;0
448.305;0
448.385;0
448.457;0
448.528;0
448.599;0
448.67;0
448.742;0
448.817;0
448.891;0
448.968;0
vMx
449.035;1
449.113;1
449.182;1
449.26;1
449.327;2
449.403;2
449.473;2
449.544;2
449.619;2
449.691;2
449.768;3
449.839;3
449.909;3
449.988;3
450.059;3
450.131;3
450.201;4
450.271;4
450.346;4
450.423;4
450.49;4
450.571;5
450.637;5
450.708;5
450.785;5
450.855;5
450.933;5
451;6
451.075;6
451.15;6
451.221;6
451.294;6
451.373;6
451.451;7
Mn
451.515;7
451.584;7
451.656;7
451.729;7
451.804;7
451.874;8
451.948;8
452.025;8
452.095;8
452.166;8
FA
452.245;0
452.316;0
452.388;0
452.461;0
452.531;0
452.603;0
452.677;0
452.749;0
452.823;0
452.899;0
452.974;0
453.039;0
453.122;0
453.192;0
453.268;0
453.344;0
453.407;0
453.485;0
453.55;0
453.627;0
vMx
453.701;1
453.769;1
453.842;1
453.915;1
453.99;1
454.059;2
454.132;2
454.204;2
454.285;2
454.362;2
454.427;2
454.498;3
454.572;3
454.641;3
454.721;3
454.791;3
454.869;3
454.944;4
455.012;4
455.087;4
455.163;4
455.231;4
455.303;4
455.369;4
455.448;5
455.519;5
455.589;5
455.664;5
455.733;5
455.812;5
455.884;6
455.953;6
456.029;6
456.1;6
456.177;6
456.248;6
456.32;6
Mn
456.387;7
456.465;7
456.537;7
456.616;7
456.684;7
456.759;7
456.83;8
456.903;8
456.969;8
457.052;8
457.123;8
457.197;8
457.268;9
457.341;9
457.412;9
457.481;9
457.557;9
457.63;9
457.705;9
457.777;10
457.851;10
457.921;10
457.995;10
458.069;10
458.142;10
458.218;1
458.295;1
458.356;1
458.434;1
458.505;1
458.579;1
vMx
458.65;1
458.723;1
458.795;1
458.867;1
458.944;1
459.014;2
459.088;2
459.165;2
459.229;2
459.309;2
459.382;2
459.455;2
459.524;3
459.6;3
459.675;3
459.743;3
459.817;3
459.898;3
459.963;3
460.035;4
460.11;4
460.181;4
460.252;4
460.324;4
460.405;4
460.474;5
460.542;5
460.623;5
460.692;5
460.759;5
460.84;5
460.908;5
460.984;6
Mn
461.055;6
461.129;6
Mx
461.195;6
461.27;6
461.346;6
461.42;6
Mn
461.491;7
461.561;7
461.641;7
461.712;7
461.784;7
461.856;7
461.933;7
462.002;8
462.079;8
462.15;8
462.224;8
462.296;8
462.366;8
462.436;8
462.511;9
462.587;9
462.657;9
462.73;9
462.807;9
462.879;9
462.954;10
463.028;10
463.101;10
463.166;10
463.241;10
463.312;10
463.389;10
vMx
463.459;1
463.532;1
463.604;1
463.676;1
463.756;1
463.832;2
463.893;2
463.969;2
464.044;2
464.113;2
464.189;2
464.264;3
464.331;3
464.403;3
464.477;3
464.55;3
464.623;3
464.697;3
464.774;4
464.846;4
464.917;4
464.994;4
465.063;4
465.141;4
465.223;5
465.295;5
465.356;5
465.426;5
465.496;5
465.572;5
465.645;5
465.721;6
465.791;6
465.866;6
Mn
465.94;6
466.009;6
466.083;6
FA
466.159;0
466.23;0
466.303;0
466.377;0
466.448;0
466.524;0
466.591;0
466.664;0
466.737;0
466.81;0
466.881;0
466.957;0
467.027;0
467.103;0
467.175;0
467.247;0
467.322;0
467.394;0
467.468;0
467.548;0
467.613;0
467.684;0
467.764;0
vMx
467.839;1
467.908;1
467.975;1
468.053;1
468.123;2
468.202;2
468.273;2
468.34;2
468.414;2
468.485;2
468.559;3
468.635;3
468.707;3
468.776;3
468.852;3
468.925;3
468.995;4
469.077;4
469.136;4
469.213;4
469.291;4
469.362;4
469.433;5
469.509;5
469.576;5
469.65;5
469.718;5
469.799;5
469.872;6
469.945;6
470.021;6
470.088;6
470.159;6
Mn
470.232;6
Mx
470.306;7
470.381;7
Mn
470.457;7
470.527;7
470.598;7
470.669;7
470.746;8
470.815;8
470.888;8
470.962;8
471.04;8
471.105;8
471.179;9
471.258;9
471.328;9
471.401;9
471.471;9
471.543;9
471.621;10
471.692;10
471.759;10
471.843;10
471.913;10
471.987;10
472.057;1
472.129;1
472.197;1
vMx
472.274;1
Mn
FA
472.35;0
472.417;0
472.493;0
472.565;0
vMx
FT
472.639;0
472.715;0
472.779;0
472.858;0
472.93;0
473.003;0
473.073;0
473.145;0
473.225;0
473.294;0
473.369;0
473.447;0
473.513;0
473.586;0
473.657;0
473.727;0
473.806;0
473.881;0
473.956;0
474.023;0
474.097;0
474.167;0
474.238;0
474.312;0
474.383;0
474.46;0
474.531;0
474.601;0
474.675;0
474.755;0
474.822;0
474.899;0
474.969;0
475.045;0
475.118;0
475.191;0
475.27;0
475.335;0
475.407;0
Mn
475.477;0
475.551;0
475.624;0
475.697;0
475.772;0
475.847;0
475.921;0
475.99;0
476.066;0
476.138;0
476.208;0
476.281;0
476.351;0
476.423;0
476.496;0
476.578;0
476.644;0
476.726;0
476.791;0
476.866;0
476.938;0
477.009;0
477.085;0
vMx
FT
477.155;0
477.231;0
477.301;0
477.372;0
477.445;0
477.515;0
477.59;0
477.665;0
477.738;0
477.811;0
477.881;0
477.954;0
478.026;0
478.099;0
478.172;0
478.253;0
478.323;0
478.391;0
478.467;0
478.537;0
478.61;0
478.684;0
478.761;0
478.831;0
478.902;0
478.978;0
479.052;0
479.12;0
479.193;0
479.265;0
Mn
479.345;0
479.411;0
479.484;0
479.557;0
Mx
479.634;0
479.705;0
479.776;0
479.85;0
479.926;0
480.005;0
480.073;0
480.14;0
480.222;0
Mn
480.292;0
480.361;0
480.435;0
480.512;0
480.583;0
480.65;0
480.722;0
480.797;0
480.87;0
480.942;0
481.018;0
481.087;0
481.159;0
481.231;0
481.308;0
481.381;0
481.456;0
481.529;0
481.602;0
481.671;0
481.741;0
481.815;0
481.891;0
481.962;0
482.033;0
482.107;0
482.184;0
482.253;0
482.327;0
vMx
482.398;1
482.468;1
482.542;1
482.617;1
482.69;1
FA
482.76;0
482.837;0
482.912;0
482.987;0
483.055;0
483.131;0
483.202;0
483.272;0
483.351;0
483.422;0
483.493;0
483.565;0
483.642;0
483.713;0
483.785;0
483.857;0
483.923;0
484.003;0
484.077;0
484.145;0
484.225;0
484.292;0
484.364;0
484.436;0
484.517;0
484.582;0
484.657;0
484.729;0
484.805;0
484.872;0
Mn
484.95;0
485.021;0
485.093;0
485.166;0
485.245;0
485.319;0
485.391;0
485.46;0
485.531;0
485.604;0
485.675;0
485.751;0
485.824;0
tMax1.6213e+06ns;tMean192520ns;tStd38220.2ns